label	col_00	col_01	col_02	col_03	col_04	col_05	col_06	col_07	col_08	col_09
0	396 N	0.4514	VANI	guinea pig	2.1813	1104	0.373	199	0.2561	-353
5	-828 N	-0.9531	Reilly	rabbit	0.3433	307	2.3841	-479	-0.6886	1243
3	-1018 N	-0.1648	Inan	reptile	0.6064	1480	-0.0068	2482	-0.0499	-1057
1	680 N	NULL	Andrew	ferret	1.2662	200	1.5489	889	0.6483	1442
4	1569 N	0.4372	Lise	fish	0.8509	615	0.0124	-340	1.4965	2692
4	829 N	0.3884	Lise	fish, chicken	0.6143	305	1.0421	-1712	0.4935	541
2	828 N	-0.0717	Michael	hamster	-0.8048	1493	-0.7751	-852	NULL	-589
3	-491 N	-0.4057	Inan	dog	0.9499	2274	1.2129	803	0.237	-502
3	531 N	-0.4023	Inan	dog	1.9463	937	1.0844	1527	0.77	1079
1	-380 N	-0.3704	Andrew	bird	-0.3254	377	0.5578	86	-1.6024	-207
4	160 N	-1.2197	Lise	fish, cat	-0.4706	-207	1.1547	-1030	2.076	-882
2	1725 N	1.5447	Michael	hamster	1.7739	152	-0.479	-725	-0.1949	-371
4	14 N	0.1677	tony	RAT, CAT, CHICKEN	-0.4542	2132	0.9164	-921	0.2672	-1054
5	994 N	0.1541	Reilly	rabbit	-0.3075	787	0.2131	1535	0.6654	-113
0	537 N	1.0445	Vani	guinea pig	0.578	1129	1.1786	1858	0.2069	-1026
3	239 N	0.7265	Inan	reptile	0.5359	1554	0.3816	1722	1.5546	334
2	None	0.806	Sam	HAMSTER	-0.0642	699	1.1472	-190	-1.427	17
5	1171 N	-0.3308	Reilly	pig	0.7984	630	1.4281	1263	0.0655	155
4	506 N	1.6811	Lise	chicken	-0.2428	-799	1.2164	-66	0.5147	1343
5	-877 N	1.3827	Fabrice	ferret	0.4691	712	0.8617	-940	-0.0923	1073
0	1303 N	1.0977	Vani	pig	0.0731	-53	-0.0949	328	-0.9118	555
5	2 N	0.3786	Reilly	pig	1.0424	605	2.2483	1596	-0.4921	-1365
3	1148 N	1.037	Inan	Dog	-0.8589	831	0.3705	22	0.5167	-253
0	859 N	1.0363	Sam	GUINEA PIG	1.9758	680	-0.8494	442	-0.6194	1066
1	1900 N	0.7352	Andrew	bird	1.6459	1381	-0.3737	1270	0.7302	922
3	-829 N	0.2338	Inan	dog	0.6556	293	-1.2853	-294	0.1669	-1363
0	-595 N	-0.0023	Fabrice	guinea pig	0.7548	1139	-1.1194	1073	0.0865	-111
2	495 N	0.4194	Michael	hamster	0.9845	1176	1.0563	213	0.7665	523
4	1577 N	0.3503	Eriq	fish	0.3723	508	2.706	1929	0.5193	288
4	186 N	0.5888	Lise	cat	-0.0873	493	1.4548	446	0.51	862
2	1971 N	0.2738	Michael	hamster	0.0457	942	-0.685	-425	0.4527	645
5	-901 N	0.46	Reilly	RABBIT	0.2975	1911	1.5688	958	0.1457	41
4	1399 N	0.2686	Tony	chicken, rat, cat	1.1168	-1290	1.8215	267	0.8376	-40
3	767 N	0.0107	Inan	guinea pig	-0.1665	376	-0.5951	-495	0.3876	701
3	1180 N	0.2709	Inan	dog	0.097	2157	0.5901	755	0.0577	-23
1	-1301 N	1.4111	Andrew	bird	0.3983	1729	-0.5455	857	0.1802	-1178
5	-26 N	-0.3769	Michael	rabbit	1.0844	1683	1.2922	362	?	1624
4	766 N	1.2977	Lise	rat	0.9629	374	1.5529	559	0.5717	435
1	-942 N	0.553	Andrew	ferret	1.0182	-55	1.1742	1417	2.3372	476
3	-904 N	-0.0049	Inan	dog	2.0005	537	-0.7195	875	2.0346	-449
4	658 N	-0.5577	Tony	rat	0.7576	418	0.7784	226	1.4147	1750
3	-205 N	0.7716	Inan	dog	-0.5584	939	1.2952	1050	0.2728	-170
5	537 N	0.5741	Reilly	pig	0.2732	2129	1.2127	304	2.1885	-1242
3	353 N	0.5452	Inan	dog	0.6912	461	0.6823	1259	0.6495	640
4	710 N	0.3027	Lise	fish, cat	1.3483	-127	-0.4854	-224	-0.6987	-892
0	813 N	-0.2456	Vani	guinea pig	0.3879	1127	2.2591	910	1.0037	430
2	1393 N	-0.71	Michael	hamster	0.8083	-20	1.0009	505	-0.0206	524
3	-244 N	0.2505	Inan	dog	-0.2924	467	-0.1691	1443	-0.1627	1997
3	412 N	-0.1542	Inan	reptile	0.7777	1517	1.7827	1015	0.8416	854
3	-913 N	1.1103	Inan	dog	0.691	319	0.9905	1667	0.6016	130
5	-790 N	-0.0136	Reilly	rabbit	-0.8303	1397	0.8138	1335	3.4209	1028
4	397 N	0.4327	Eriq	fish	1.5015	1594	-0.546	1555	-0.0854	-410
3	-514 N	0.6623	Inan	dog	1.2361	1073	-0.1238	-41	-0.0137	263
2	382 N	0.2321	Michael	hamster	0.8341	625	1.4304	-150	0.3106	1066
3	-720 N	-0.14	Tony	dog	0.9066	1045	-0.4273	511	0.6146	564
4	826 N	0.8978	Lise	fish, chicken	0.6151	-334	0.2878	-877	0.6188	-396
5	702 N	-0.0587	Reilly	rabbit	1.0506	756	-0.1726	459	0.444	-697
5	-48 N	2.218	Reilly	pig	-0.1174	551	2.0926	946	1.5176	-1209
2	1377 N	-0.4241	Sam	hamster	0.5968	343	1.2344	-33	0.9744	101
0	145 N	1.9247	Chris	guinea pig	-0.6119	1044	2.2884	1565	1.2094	264
1	138 N	0.283	Andrew	ferret	0.3853	1254	-0.1569	743	1.0634	-163
3	-803 N	-0.3986	inan	reptile	1.7683	1175	-0.0356	871	0.7811	1152
5	1797 N	0.8621	Reilly	rabbit	-1.1048	263	1.5166	339	1.4138	12
0	653 N	0.5559	Vani	guinea pig	0.8413	892	1.0549	1798	-1.281	658
4	1598 N	-0.6438	Eriq	cat, fish, rat	0.5298	1084	0.306	642	0.8652	1048
5	-1800 N	-0.2983	Reilly	rabbit	0.4637	614	1.8488	1939	2.1309	?
0	976 N	0.3853	Fabrice	Guinea Pig	-0.646	-74	0.5001	787	1.442	1328
4	915 N	0.4267	Eriq	chicken, cat	2.1258	935	1.1037	936	1.5539	-392
1	-525 N	1.284	Andrew	ferret	1.2076	760	0.7303	1119	0.0733	-967
2	1494 N	0.2057	Michael	bird	1.1128	1941	N/A	-288	1.5492	-243
0	446 N	1.3099	Chris	guinea pig	1.4265	41	-0.528	-222	-0.4227	-370
3	1423 N	0.4002	Inan	dog	0.9282	615	0.6573	1270	0.0932	-315
2	6 N	1.5015	Michael	hamster	0.0863	1186	-1.3913	269	-0.1912	-151
3	6 N	0.1026	iNAN	dog	0.749	1200	0.7933	1112	0.8249	-70
4	573 N	1.1651	Lise	rat, chicken, cat	0.6028	-857	1.4698	116	0.541	901
4	493 N	1.1019	Lise	fish	0.7185	-943	-0.7357	-133	0.7736	1746
0	1168 N	0.5272	Reilly	guinea pig	0.255	1001	1.3638	626	1.3244	23
2	99 N	0.4992	Sam	rabbit	0.3983	1515	0.2855	-268	0.6709	160
3	754 N	0.1105	Inan	reptile	1.8877	1256	-0.0955	1925	-0.2485	1233
4	1351 N	1.0147	Tony	guinea pig	-1.2398	-109	0.9697	984	0.7963	1185
3	374 N	0.892	Inan	reptile	2.4088	-572	0.995	129	1.2703	800
4	1471 N	1.7865	Lise	rat	0.7111	66	1.0338	-197	1.4218	1180
3	-1052 N	0.8622	Inan	reptile	0.9019	1234	-0.0533	1576	-0.0978	1701
2	878 N	-0.6569	Sam	hamster	1.3858	1952	0.8643	-22	0.9362	126
3	-465 N	-0.0852	Inan	reptile	1.1142	827	-0.3061	731	-0.0106	-19
0	1885 N	1.7012	Chris	guinea pig	0.0595	666	1.537	177	-0.2551	1070
5	-1215 N	-0.051	Reilly	rabbit	1.6308	1826	0.9851	-38	2.1634	715
1	1337 N	0.8574	Andrew	ferret	0.7589	1124	0.5615	-131	0.7814	-121
3	-422 N	1.4455	Inan	reptile	1.0149	905	-0.2133	1004	-0.8646	-284
0	-8 N	0.7491	Chris	guinea pig	0.0963	1118	1.6623	2211	0.2098	2602
0	1148 N	0.8796	Vani	guinea pig	-0.851	1106	-0.817	782	-0.2086	-771
5	457 N	-0.0454	Reilly	pig	1.6873	428	0.5812	923	2.0018	-1192
3	-161 N	0.1841	Inan	dog	1.7525	-1515	-0.1844	405	-0.4726	0
1	947 N	1.0402	Andrew	ferret	0.8531	37	0.8797	1604	1.6366	287
0	636 N	1.68	Vani	guinea pig	-0.2205	399	0.2113	526	0.1989	748
2	555 N	1.1828	Michael	hamster	-1.7491	344	-0.8884	307	-1.4428	63
0	554 N	1.7654	Chris	guinea pig	0.4486	460	-0.4564	1114	-0.2982	1417
0	2428 N	0.0094	Fabrice	guinea pig	0.5602	1064	0.7049	-7	0.5614	-153
3	-1195 N	1.5558	Inan	dog	-1.1015	604	0.6657	1087	-0.5994	-107
4	382 N	0.7141	Inan	fish, rat, cat	0.1814	-991	0.7714	-1658	1.8341	-328
5	-1222 N	-0.076	Reilly	rabbit	1.0098	131	1.0203	1555	0.8807	1070
2	638 N	0.7973	Michael	hamster	0.3091	1922	0.1864	702	0.4066	-420
2	811 N	1.351	Sam	hamster	-0.0065	460	1.5099	142	0.0963	1168
4	1575 N	0.0089	Tony	rat, chicken	0.4479	657	0.1707	61	0.6042	118
4	1787 N	0.438	Tony	CAT, CHICKEN, FISH	0.2701	-1040	0.7042	-558	0.9564	-75
3	782 N	1.2168	Inan	reptile	0.6215	1080	?	1140	0.2187	595
0	989 N	1.4793	Chris	guinea pig	N/A	1455	-0.0328	-229	1.0639	387
1	-217 N	-0.0676	Andrew	bird	1.1494	434	-0.6176	870	1.2844	184
0	859 N	0.1458	Fabrice	GUINEA PIG	0.9887	1067	-1.3761	1982	0.0701	-320
4	-800 N	0.0186	Tony	fish	1.8557	-661	0.7977	-667	1.5639	636
0	1591 N	-0.0607	Chris	guinea pig	-0.5508	1463	0.7716	833	0.6371	-248
3	-556 N	0.5192	Inan	reptile	0.1518	730	-0.7303	893	0.1043	410
1	-206 N	0.7216	Andrew	dog	0.3507	1305	1.8223	1667	1.9788	476
0	150 N	-0.4474	Fabrice	guinea pig	1.7097	-470	0.4817	973	-1.1653	-80
2	1947 N	1.6002	Michael	hamster	0.4634	-185	0.3299	-737	-1.2694	1418
5	424 N	-1.1714	Reilly	reptile	-0.0954	181	1.5742	577	0.6633	363
1	577 N	1.5066	Andrew	ferret	0.5854	310	-0.5095	935	1.2956	308
1	195 N	0.919	Andrew	ferret	0.3723	1213	-0.003	203	0.0316	528
1	-410 N	0.2368	Andrew	ferret	0.5429	240	0.1453	1130	-1.0397	-259
4	906 N	0.1851	Eriq	cat, rat	1.7105	-864	1.2127	624	-0.0602	1076
4	2026 N	0.7055	Eriq	bird	-0.2693	-249	-0.7147	-543	0.4444	-965
3	-327 N	0.34	Inan	dog	-0.0891	168	-0.2586	656	-0.87	-63
0	-56 N	0.6366	Vani	guinea pig	-1.2094	1641	1.2464	603	1.99	524
3	-260 N	-0.5318	Inan	reptile	1.393	1216	1.975	967	0.1884	-1099
2	155 N	0.7869	Michael	hamster	1.0894	1598	1.3179	-684	0.7536	-221
0	468 N	-0.2057	Fabrice	guinea pig	1.1589	399	-0.456	360	-1.3332	-764
2	1898 N	0.1867	mICHAEL	hamster	1.3993	2795	0.3313	-353	0.5384	-352
3	-600 N	-0.6256	Inan	dog	-1.1663	-177	1.2421	418	1.7579	-366
4	-298 N	0.4358	Lise	fish, cat, chicken	0.4485	-245	-0.0728	563	1.7256	725
3	294 N	0.5932	Inan	reptile	0.0669	360	-0.1485	1394	-0.1189	N/A
1	-228 N	0.1239	Andrew	ferret	1.2906	1005	-0.9319	871	0.3631	-620
3	-818 N	-0.0991	Inan	rabbit	1.2478	-1182	1.0515	115	0.1678	-821
0	-306 N	1.3422	Fabrice	guinea pig	0.6393	1362	1.8637	2123	-0.0424	253
0	1471 N	0.4679	Chris	guinea pig	0.8623	1428	0.6452	2088	0.995	-2269
1	314 N	1.4388	Andrew	bird	-1.4827	1516	0.7838	-146	0.6468	245
3	-510 N	0.3236	Inan	ferret	0.8204	1108	0.449	-558	-0.3006	-458
4	1129 N	1.0001	Eriq	reptile	0.2707	21	1.247	562	0.1085	-1503
4	864 N	1.314	Lise	chicken, rat	2.2591	916	1.2609	705	-0.3523	-1783
0	438 N	0.8621	CHRIS	guinea pig	0.3785	2272	-0.4934	1360	-0.382	-112
4	1506 N	-0.2669	Tony	rat	0.7894	421	1.0895	-369	1.5498	143
1	-681 N	1.2593	Andrew	ferret	0.9067	2200	-1.1876	1013	0.5899	1596
2	1301 N	0.673	Michael	hamster	0.0757	593	-0.9469	74	0.8968	-468
5	-801 N	0.1846	Reilly	rabbit	-0.1706	2164	1.3783	520	3.0506	-1694
0	791 N	1.0046	Vani	guinea pig	0.4912	1188	0.2053	280	-0.3557	-696
4	1030 N	2.9351	Tony	rat	1.4466	-146	0.2925	-611	0.4271	3421
4	1468 N	-0.7755	tony	fish, rat, cat	0.0908	321	1.1003	-181	0.9389	206
3	494 N	0.3051	Inan	reptile	-0.2425	404	-0.1349	-724	0.0807	-371
1	-284 N	0.1927	Andrew	bird	0.1196	1742	-0.8264	2072	0.2333	478
5	763 N	-0.2978	Reilly	pig	0.0041	1396	-0.1778	1976	0.6787	-2324
5	-523 N	-0.0184	Reilly	hamster	0.9822	1424	-0.3677	634	0.8418	-1042
3	-909 N	0.2814	Inan	reptile	0.776	1957	-0.1932	1627	0.2119	828
4	-42 N	-0.0853	Tony	chicken, cat	0.4472	644	0.8914	-193	0.4225	2114
4	841 N	-0.1581	Eriq	cat, fish, chicken	0.0705	-440	0.4311	928	?	-943
4	1206 N	0.992	Eriq	rat, cat	0.8735	-956	-0.7629	150	0.1804	-241
4	818 N	0.7836	eRIQ	ferret	0.8963	603	2.0059	166	1.8596	1845
1	-636 N	0.8795	Andrew	bird	1.0637	1434	1.4217	1542	-0.4389	922
0	97 N	0.6975	Fabrice	guinea pig	N/A	-66	-0.3764	1069	-0.1712	-485
3	1219 N	-0.6281	Inan	reptile	1.5309	1308	0.1989	867	-0.1463	-153
3	-31 N	-0.5178	Inan	reptile	-0.9716	2443	-0.5654	585	0.4026	-46
3	-654 N	-0.1882	Inan	dog	0.6153	154	0.8477	727	0.8134	-76
0	1348 N	1.0295	Vani	guinea pig	-0.3015	1302	-0.9609	-341	0.2992	-630
2	1286 N	0.3402	Sam	hamster	0.4053	170	-0.1162	774	-0.8868	-87
3	952 N	0.8781	Inan	reptile	1.1946	1509	-0.1069	1334	-0.409	-28
0	986 N	0.0754	Fabrice	guinea pig	0.8734	2743	-0.3199	1252	1.2954	-1747
0	411 N	0.2448	Fabrice	guinea pig	0.3132	791	-0.0989	2093	0.7866	-1170
1	-15 N	0.9748	Andrew	bird	0.4484	1113	0.1675	1672	1.7553	-1167
4	1780 N	0.9117	NULL	CAT, CHICKEN	1.3574	1267	0.1776	344	1.7013	1091
1	67 N	1.1681	Andrew	ferret	0.5576	1675	-0.717	552	0.6384	1266
2	1122 N	-0.0455	Michael	hamster	3.0716	-545	-0.5076	-530	-0.5051	1236
4	521 N	1.2278	Eriq	rat, chicken, cat	-0.6918	-74	0.353	-964	0.7525	516
5	-246 N	-0.3706	Reilly	rabbit	-0.9171	1591	0.273	1440	0.947	542
2	722 N	0.5174	Sam	hamster	1.1475	1024	0.9615	55	1.0867	1000
5	-1653 N	0.8816	Reilly	pig	-0.7077	3684	0.9682	1760	0.8897	676
2	1664 N	0.7218	Michael	pig	1.8244	861	-0.1375	-685	-0.5065	1170
4	682 N	1.1786	Eriq	guinea pig	0.761	510	-0.0457	318	1.5052	528
1	-52 N	1.1569	Andrew	ferret	0.0516	-302	1.4223	241	0.471	-1552
1	-355 N	1.204	Andrew	ferret	0.1523	473	0.8531	1506	2.3158	719
1	-182 N	-0.9282	Andrew	ferret	0.1442	673	0.0665	1465	-0.0758	-1334
0	1065 N	-0.5596	Fabrice	guinea pig	2.0414	153	0.9686	553	1.5746	344
5	33 N	0.2525	Reilly	rabbit	-0.5461	741	-0.0345	1801	0.7462	429
3	583 N	-1.0775	Inan	reptile	0.9351	1506	-0.3153	558	-0.036	966
1	295 N	1.6142	Andrew	ferret	0.2257	660	1.8807	479	0.5025	-1363
3	-1171 N	-0.3308	Inan	reptile	0.2596	958	-0.9818	439	-0.4372	-738
1	234 N	1.0526	Chris	bird	1.6353	1356	-0.2982	679	1.0032	-740
5	-587 N	-0.2715	Reilly	fish, cat, rat	1.5104	1716	1.8044	1061	0.9435	108
5	725 N	-0.3828	REILLY	pig	0.64	1233	0.5307	-1233	1.4195	-33
0	1744 N	0.584	Chris	guinea pig	0.0786	1174	-0.5646	1710	0.6898	-1657
1	-569 N	1.2295	Andrew	ferret	1.4372	1829	0.446	1457	0.7342	562
0	554 N	0.479	Fabrice	guinea pig	2.1183	2394	-0.4514	1165	-0.1784	398
4	84 N	-0.4012	Eriq	dog	-0.0197	322	1.9738	86	1.0206	1061
4	1307 N	1.5894	Tony	fish	0.596	2415	1.6497	-776	0.7018	-534
4	398 N	1.1174	Tony	fish	-0.2514	-172	0.5818	-446	2.1128	-502
4	2529 N	1.8428	Tony	fish, rat	-0.1273	387	-0.1047	-856	0.3171	-171
0	913 N	0.5195	Fabrice	cat, chicken, fish	-0.0048	1823	1.4601	777	-1.001	-1947
4	277 N	1.4081	Eriq	fish, cat	1.1356	-703	0.562	-174	1.603	-914
4	467 N	1.1499	Tony	chicken	-0.9606	968	1.7561	782		551
1	51 N	1.2994	Andrew	ferret	1.0953	901	0.0794	-79	1.2282	-803
2	390 N	0.9892	Michael	hamster	-0.0079	130	-0.6017	109	0.2409	247
2	1530 N	0.1862	Michael	rabbit	1.3469	40	-0.1911	6	1.189	-788
3	-1567 N	N/A	Inan	dog	2.461	1820	-0.3268	108	0.4083	53
5	398 N	0.4922	Reilly	pig	1.124	1635	0.6419	-35	1.6356	178
2	992 N	0.5927	Michael	hamster	1.3975	1345	-2.0682	942	0.4146	-1971
0	-146 N	0.5181	Chris	guinea pig	0.7294	832	0.3746	1758	1.2253	-758
1	965 N	0.0027	Andrew	bird	-0.8336	1819	0.418	713	0.4793	-81
0	449 N	-0.2719	Chris	guinea pig	2.8531	-539	-0.0523	796	1.4269	40
5	-668 N	0.7142	Reilly	rabbit	0.2407	382	1.0713	1348	0.853	-2014
4	1186 N	2.8923	Eriq	cat	0.9343	786	0.5424	158	-0.0167	236
0	942 N	0.3925	Fabrice	guinea pig	-0.189	-36	0.9758	1233	0.3942	-372
2	830 N	0.317	Andrew	hamster	0.8054	931	-0.2379	269	0.0757	-272
3	233 N	-0.1327	Inan	reptile	-0.3776	1109	0.388	-852	1.2405	-1290
1	-174 N	0.8118	Andrew		-0.157	49	0.7732	1045	1.0315	-228
2	830 N	0.1151	Michael	n/a	-0.154	851	0.4815	-19	-1.3941	1899
3	-800 N	0.066	Inan	dog	0.9947	1235	0.3809	1681	-0.303	-854
4	2016 N	0.7587	Tony	chicken	-0.921	-266	1.3462	-144	0.9097	112
5	723 N	0.6065	Reilly	pig	0.7036	2278	-0.0851	-625	0.7799	None
3	-461 N	-0.5651	Inan	dog	2.0965	714	0.103	700	0.6985	-319
1	898 N	0.3844	Andrew	bird	2.4266	1373	-0.4381	1569	0.0126	-1092
3	84 N	-0.4084	Inan	dog	2.4185	-208	0.7686	646	0.4388	110
2	196 N	0.3355	Sam	hamster	1.379	1293	1.1242	-314	0.6287	67
2	470 N	-0.2321	Michael	hamster	0.0763	1335	-1.1302	-64	-1.1219	1217
3	146 N	-0.1257	Inan	reptile	-0.0527	1108	0.2567	348	0.1018	6
5	-173 N	1.5469	Reilly	rabbit	0.3249	1120	0.7236	634	-0.1502	48
0	436 N	0.0092	Chris	guinea pig	0.629	1191	-0.0281	1079	0.1326	-1222
1	-589 N	0.9944	Andrew	reptile	0.804	480	-0.2268	1210	1.3614	0
0	780 N	-0.9942	Fabrice	guinea pig	2.0147	1327	-0.1683	-1039	-0.1997	28
0	2268 N	0.0279	Chris	guinea pig	2.2762	1196	0.4131	-339	-0.0372	-735
5	490 N	0.4728	Reilly	pig	-1.0682	1053	1.6817	429	0.2871	n/a
0	910 N	0.6361	Fabrice	guinea pig	1.0935	2734	-0.0142	676	0.5249	-365
1	602 N	0.0633	Andrew	rat	1.1421	664	1.0078	1442	1.4567	1743
0	677 N	0.2415	Vani	cat, chicken, rat	1.0514	897	0.962	1486	-0.399	399
0	556 N	0.5052	Vani	ferret	-0.081	1345	-0.421	1992	0.0055	-445
2	383 N	0.9311	Michael	hamster	0.8303	1943	-0.0078	810	0.4753	897
0	1324 N	-0.4777	Chris	guinea pig	0.3327	1390	0.6053	1245	-1.3547	630
4	1113 N	0.8196	Tony	rat, fish	-0.0129	-588	2.2684	-628	0.8187	-529
0	1328 N	1.4116	Chris	guinea pig	-0.1449	420	-0.1089	652	0.3258	592
3	-1411 N	0.5401	Inan	reptile	0.515	538	-0.8274	1316	0.4597	-581
3	475 N	0.5046	Inan	dog	1.2257	800	0.3497	146	0.5115	-2161
0	850 N	0.1436	Sam	hamster	1.5014	158	0.8956	697	0.3711	-190
1	6 N	-0.4827	Andrew	pig	-0.0513	2408	-0.3926	245	0.1242	949
5	-1177 N	-0.3793	Reilly	rabbit	0.7737	99	0.6004	1596	2.0058	-1224
3	-940 N	0.1596	Inan	dog	0.0804	1136	-0.6867	1305	-1.1037	-273
3	1091 N	0.4931	Inan	reptile	1.2483	1360	-0.3439	1070	0.839	155
2	1394 N	0.5363	Michael	hamster	1.2647	1171	0.0174	392	0.1956	1222
0	1700 N	0.0221	Fabrice	guinea pig	0.7927	2245	0.7935	-276	-0.1956	731
4	2059 N	1.7764	Tony	chicken, fish	0.5898	-288	0.3061	753	0.8879	-548
3	-367 N	-0.0529	Inan	fish	0.4153	232	-1.2187	1083	1.0161	576
1	1281 N	0.44	Andrew	ferret	0.37	809	1.7331	-570	0.3997	-1325
4	322 N	-1.4471	Tony	fish	-0.5341	-259	0.8753	-860	-1.0599	885
4	561 N	0.1389	Eriq	fish, rat, chicken	0.8078	-574	2.0136	-566	1.6386	-796
5	-1160 N	0.2481	Sam	rabbit	-1.1883	989	0.1647	1053	1.0482	292
3	-414 N	1.0846	Inan	dog	0.898	99	NULL	997	0.5171	-4
5	28 N	1.531	Reilly	rabbit	-1.2043	794	2.2266	474	1.263	1385
5	-257 N	0.2685	Reilly	rabbit	-0.5088	1610	1.5408	-3	0.0076	-476
1	-314 N	0.6578	Andrew	ferret	2.9186	200	-0.1119	1113	-0.2596	-146
2	939 N	0.8256	Michael	rabbit	2.1612	278	-0.5042	293	0.5675	609
0	66 N	-0.1249	Tony	reptile	1.9499	1797	0.0806	237	-0.2406	1168
0	1460 N	0.4117	Chris	guinea pig	0.8106	589	0.4661	642	-0.2744	662
2	1548 N	0.1916	Michael	hamster	0.8446	896	1.3377	707	-0.8232	-794
0	13 N	2.1038	Vani	guinea pig	2.051	-96	-1.0169	2391	2.0055	-980
4	1901 N	0.0406	Eriq	cat, rat	0.4385	1350	1.7668	714	0.9068	-526
1	-542 N	-0.5581	Andrew	ferret	N/A	56	0.3904	570	1.2269	-578
5	250 N	0.347	Reilly	guinea pig	0.832	1376	0.5153	393	0.6262	1327
3	248 N	0.9847	Inan	dog	0.0898	136	0.1778	248	-0.4307	228
4	471 N	0.5643	Lise	guinea pig	0.5487	945	0.9794	-306	0.28	-386
0	774 N	-0.0009	Fabrice	guinea pig	1.0369	1717	-0.0664	319	-0.9545	-381
0	1407 N	0.535	Fabrice	guinea pig	-0.4291	883	1.6564	-894	0.6966	-916
4	1371 N	-0.0127	Lise	fish, chicken, cat	1.6435	-9	1.5711	34	0.9778	917
4	1428 N	-0.0851	Eriq	chicken, cat, rat	1.0201	442	1.2922	196	0.5859	854
2	-148 N	0.8442	Michael	hamster	0.1732	919	0.9037	-655	-0.623	1803
5	13 N	1.2576	Reilly	?	1.3793	1777	1.1583	1068	0.7071	221
3	95 N	0.1235	INAN	dog	1.263	982	0.7274	817	-0.2721	492
0	1020 N	0.6977	Fabrice	guinea pig	0.1666	2316	0.6724	-5	1.0427	-672
5	-385 N	0.0985	Reilly	rabbit	0.8214	529	2.051	1200	1.4572	688
2	1410 N	0.8662	Michael	hamster	1.714	217	-0.553	-1035	0.2222	764
4	1560 N	0.6697	Lise	Rat	0.9082	1306	1.4741	-1728	0.6384	140
0	766 N	0.6807	Chris	guinea pig	0.5259	2282	0.3861	714	-0.1859	987
0	568 N	0.5554	Chris	hamster	-0.4118	267	0.7087	930	-0.0264	51
2	542 N	1.5797	Michael	hamster	-0.5713	1531	-0.2852	-222	0.3553	-6
0	702 N	0.8916	Vani	guinea pig	2.05	1099	0.5873	317	0.6405	-1182
5	-168 N	0.5779	Reilly	rabbit	1.8903	1628	1.4317	1198	0.8117	758
2	1313 N	-0.0746	Sam	hamster	0.97	-1156	0.9719	209	0.4913	-158
0	-6 N	1.9158	Fabrice	guinea pig	1.2766	1485	-0.1308	2466	-1.0852	1245
5	699 N	-0.1689	Reilly	pig	2.1213	881	1.5316	534	1.0316	-1180
5	-870 N	0.0462	Reilly	pig	-0.7278	733	1.2764	1615	0.3669	-254
3	-89 N	0.7711	Inan	dog	0.5176	1887	0.2224	1697	0.1804	-383
2	1127 N	0.1373	Michael	hamster	1.497	-319	0.1519	393	-0.1814	-110
1	778 N	0.2794	Andrew	ferret	1.4051	743	-0.156	433	0.4379	-150
0	1534 N	0.2998	Chris	guinea pig	-0.3239	927	1.7458	-849	-0.4717	292
2	1684 N	1.9554	Sam	hamster	1.4717	551	0.6202	-1160	0.4929	216
4	1969 N	0.702	Eriq	cat, fish, rat	1.5286	223	1.788	541	0.8175	1283
3	-737 N	0.5057	Inan	dog	2.5539	784	0.3158	1070	0.6545	16
0	1594 N	0.3932	Reilly	guinea pig	0.3458	-277	0.5866	-672	0.076	-1221
0	799 N	1.6318	Chris	guinea pig	2.4516	704	0.2006	None	1.9686	
0	655 N	0.1433	Vani	guinea pig	0.0976	851	0.3732	31	1.063	455
1	75 N	-0.6267	Andrew	bird	0.4613	21	0.8195	1650	1.4578	-283
1	-184 N	1.4431	Andrew	bird	-0.3704	979	0.0023	1798	0.239	-355
4	1277 N	0.9307	Tony	chicken, cat	-0.1155	1672	0.0769	205	1.173	956
1	-367 N	0.8784	Sam	ferret	-0.1963	47	0.5869	543	1.3604	1531
0	2044 N	2.1329	Chris	guinea pig	1.0866	238	-0.7003	347	-0.3835	20
2	139 N	-0.6872	Michael	hamster	0.1035	510	-0.2316	-565	0.2687	-56
3	-1116 N	-1.609	Inan	reptile	0.7748	616	0.8793	1288	0.6776	-284
2	306 N	1.7062	Sam	hamster	0.7664	1176	-0.656	-1104	0.6297	-306
1	125 N	0.229	Andrew	ferret	1.0801	665	-0.5571	1331	2.2003	-974
1	508 N	0.1095	Andrew	ferret	0.9713	264	-0.3025	1536	0.7293	-173
0	2052 N	-0.5995	Chris	guinea pig	0.5901	603	-0.2269	425	-0.4584	-1843
2	1365 N	0.5226	Sam	hamster	1.0517	260	0.7631	350	?	0
0	1244 N	1.2776	Vani	guinea pig	2.1531	1511	0.0444	1424	0.3513	614
5	71 N	0.7041	Reilly	rabbit	0.563	1123	0.4553	440	1.9157	910
2	1925 N	0.2596	Reilly	reptile	0.1984	403	1.468	763	-0.1018	-1119
3	2 N	N/A	Inan	reptile	0.3771	99	1.5076	184	1.6986	-606
2	1146 N	0.8686	Sam	hamster	0.9867	1161	-0.0801	1043	-0.2109	929
1	1404 N	0.9383	Andrew	ferret	-0.6123	393	0.6098	1107	0.7461	-836
1	-516 N	0.3431	Andrew	bird	0.7001	1733	1.6295	142	-0.0983	-680
1	-367 N	1.3232	Andrew	ferret	-0.1565	328	0.2643	1219	0.1727	-1509
4	1238 N	2.3756	Eriq	fish, cat	0.6041	-351	1.7474	-477	-0.4807	1249
3	-591 N	0.9746	Inan	dog	0.2558	745	-1.9667	814	-0.17	-482
4	1579 N	1.3512	Reilly	cat, rat, chicken	1.3322	-24	2.3218	508	0.3403	1335
0	-151 N	1.143	Vani	guinea pig	-0.1418	818	0.2786	760	0.3701	1228
0	924 N	0.3712	Chris	guinea pig	1.5198	1373	0.3137	708	-0.3777	671
3	291 N	-1.4428	Inan	reptile	NULL	141	-0.526	1624	1.4927	-86
0	840 N	0.658	Lise	rabbit	-0.1051	258	0.1657	185	-0.7765	653
5	-67 N	-0.475	Reilly	pig	1.3507	-29	2.1786	2029	0.9847	42
4	1200 N	0.2295	Lise	rat	0.4309	-761	1.179	314	1.3736	1719
0	1103 N	2.1351	Chris	guinea pig	-0.5071	1220	-1.9116	1320	-1.7076	-942
0	1318 N	0.3878	Fabrice	guinea pig	0.857	274	-0.1102	2298	1.0591	-985
2	173 N	1.2722	Sam	rabbit	1.5495	970	0.1473	254	0.5231	1538
4	615 N	0.1449	Lise	cat, fish, chicken	0.2499	497	0.0955	-256	1.1488	257
3	-476 N	0.8361	Inan	reptile	1.8357	1380	-1.1546	1404	1.3786	437
1	-211 N	-0.4917	Andrew	ferret	-0.4309	496	0.3562	769	0.8583	-572
0	1330 N	-0.1466	Chris	guinea pig	1.8792	316	-0.1851	584	0.805	-220
4	808 N	NULL	Lise	reptile	0.203	845	0.2283	842	0.5508	735
1	1155 N	0.3545	Andrew	ferret	0.0034	30	-0.5284	-353	1.1112	973
5	237 N	0.2619	Lise	pig	0.2992	3045	0.9453	1368	1.332	1056
3	655 N	-0.0058	Inan	guinea pig	0.7226	1123	-0.2632	742	-0.5504	-135
4	-219 N	1.3679	Lise	rat, fish	-0.3645	612	1.2134	642	2.4018	2263
0	935 N	1.235	Chris	guinea pig	0.8402	-118	-0.0341	236	0.1423	-353
3	-567 N	-0.582	Inan	reptile	0.9826	1524	1.9151	506	1.0678	-105
0	851 N	0.5592	Vani	hamster	0.7831	114	2.0397	-129	0.3935	-124
2	1621 N	0.2735	Michael	hamster	-0.7414	-300	0.003	464	0.2805	-1649
3	-624 N	0.1591	Inan	dog	0.7207	1098	1.3335	3	-0.2073	1152
1	990 N	1.5747	Andrew	bird	-0.8433	811	-1.4332	800	0.5835	-943
3	1023 N	0.9161	Inan	dog	-0.3619	263	-1.308	1361	-1.5223	314
5	-845 N	0.6758	Reilly	cat, chicken	0.6158	200	-1.1981	-187	2.4655	-184
5	589 N	-1.3794	Reilly	dog	0.7312	961	1.3247	1269	-0.5068	-1066
5	-263 N	0.3293	Reilly	reptile	-0.3073	636	1.363	786	0.7718	316
2	1466 N	-0.6652	Michael	hamster	-0.761	1170	0.5995	21	0.6979	-656
5	257 N	0.1191	Reilly	reptile	0.4532	-428	0.4929	1052	1.2803	235
4	-152 N	0.7621	N/A	rat, chicken	0.0082	1141	1.1082	298	0.3801	636
5	-29 N	-0.5322	Reilly	pig	1.0507	1135	-0.2208	-341	0.5521	-1006
2	241 N	?	Sam	hamster	0.8532	1713	-0.703	-1954	1.1709	1321
1	181 N	1.0454	Andrew	bird	0.7712	1979	0.6055	-434	-0.4026	-440
3	-340 N	-0.5709	Inan	dog	1.1625	895	1.2684	1306	0.0054	-38
2	1159 N	1.7455	Michael	hamster	0.2006	510	0.7247	898	0.8363	1801
4	492 N	0.5399	Tony	CAT, CHICKEN	1.985	313	-1.7061	615	1.0209	243
3	-417 N	-0.1389	Inan	reptile	1.1969	887	0.9106	1667	0.2761	-641
3	534 N	0.0143	Andrew	reptile	2.4292	-434	-0.2484	949	0.8642	496
3	-244 N	0.3435	Inan	dog	1.0444	649	0.701	-27	0.606	677
1	-489 N	0.8628	Andrew	ferret	1.272	671	NULL	1509	1.6875	1256
1	-816 N	-0.2996	Andrew	bird	0.1662	1339	0.9767	1112	1.2932	-405
1	639 N	1.5587	Andrew	bird	0.2356	1069	0.4345	1410	0.3955	-1102
2	1800 N	0.4871	Sam	hamster	1.2489	1594	0.5545	1022	1.0918	796
1	-1132 N	0.3223	Andrew	ferret	0.7147	-438	-0.2843	1235	1.8029	545
5	-262 N	1.463	reilly	pig	1.427	422	1.3043	591	0.2519	-157
3	-1449 N	-0.698	Inan	Reptile	1.102	1045	1.6944	2232	-0.1287	183
3	-1403 N	0.175	Inan	dog	-1.6412	276	-1.749	314	0.6518	-252
0	831 N	1.212	Fabrice	guinea pig	0.0877	958	-0.0654	-139	-0.2278	-808
0	1038 N	1.5486	Fabrice	guinea pig	-0.62	529	0.4937	216	-0.6941	-1512
1	70 N	1.0803	Andrew	bird	-0.602	1343	-0.1565	1114	2.13	579
4	351 N	0.1732	Tony	cat	0.5218	398	1.2692	-273	1.1688	-941
5	232 N	0.3707	Reilly	guinea pig	1.8001	976	0.6946	1127	2.3629	-1045
4	-382 N	0.8875	Tony	rat, cat	-0.0379	539	0.412	487	0.2143	1477
1	3 N	0.2964	Andrew	bird	0.2912	1106	0.8534	1276	-0.6198	-663
0	1060 N	1.7161	Chris	guinea pig	0.8579	1023	0.9777	908	1.3122	629
5	373 N	-0.1832	Reilly	pig	-1.2495	1514	0.1984	1742	0.9472	1951
0	681 N	1.7406	Chris	guinea pig	-0.1121	2607	0.74	536	-0.3828	-423
1	-1351 N	0.2042	Andrew	ferret	1.0666	476	-0.0502	386	0.8428	74
0	1689 N	0.8527	Chris	guinea pig	-0.6208	945	-0.5152	1093	0.9265	506
1	-425 N	1.4022	Andrew	ferret	-0.2467	1487	0.6488	1445	1.5067	-239
1	361 N	0.4626	Andrew	ferret	1.1091	238	0.7717	12	0.9961	-280
5	-620 N	-0.3833	Reilly	pig	1.5014	549	0.565	280	1.4696	-219
3	-970 N	0.6039	Inan	reptile	1.0789	1952	0.1973	862	1.3442	-281
5	73 N	1.3728	Reilly	pig	2.448	1489	0.9256	-210	0.5748	-179
0	613 N	0.0982	Vani	guinea pig	0.8674	1246	-0.204	369	-0.3697	183
0	680 N	1.0219	Chris	guinea pig	1.1942	-127	1.5985	835	-0.4607	-34
1	1220 N	0.999	Andrew	ferret	1.013	683	0.8656	689	0.5664	1136
1	444 N	-0.6012	Eriq	ferret	0.422	470	-1.5052	1024	1.6039	1005
4	885 N	0.6047	Lise	cat, rat, chicken	0.6369	1007	2.217	-76	0.9455	866
2	922 N	1.7716	Michael	hamster	1.3739	58	0.8517	-176	-0.3055	-1846
4	1419 N	0.0719	Tony	chicken, fish	0.3174	638	0.5667	-692	-0.3331	758
4	1153 N	-0.6276	Lise	chicken, fish, cat	-0.5593	-66	0.2476	-94	1.2673	1389
0	51 N	1.7844	Vani	guinea pig	0.2839	824	0.3843	827	-0.9603	1608
0	1303 N	2.1928	Fabrice	guinea pig	1.9705	1711	0.7364	1416	1.02	-533
4	90 N	0.9207	Sam	fish, chicken, cat	1.0293	32	1.3705	899	-0.4609	-189
3	-1176 N	1.2879	Inan	dog	1.95	1858	-0.6784	1257	-0.3041	595
0	1413 N	0.2853	Vani	guinea pig	1.2236	1441	0.8607	2161	-0.3849	858
4	1134 N	0.9981	Chris	cat, fish	0.4802	104	0.522	-476	-0.1613	15
4	2374 N	0.8324	Lise	chicken, cat, fish	0.4567	1138	1.4951	-173	-0.3305	512
5	-1061 N	0.8831	Reilly	pig	-1.0162	639	1.2197	-205	2.6907	896
1	373 N	0.6941	Andrew	ferret	0.4414	1224	-0.0308	-116	0.4946	-1443
1	-1177 N	-0.099	Andrew	ferret	-0.5868	1643	-1.0442	953	2.2586	-427
1	366 N	1.2831	Andrew	bird	1.1989	1851	1.2295	917	0.2928	-626
1	-1116 N	0.3987	Andrew	ferret	0.3787	1186	0.3625	1341	1.3398	1516
5	272 N	0.1612	Reilly	bird	0.9327	-177	0.655	898	0.1144	-479
3	-134 N	-0.6567	Inan	dog	0.1788	NULL	1.302	377	0.0069	159
5	2 N	1.2063	Sam	pig	1.961	-1087	1.1179	731	-0.7407	1630
1	281 N	0.1019	Andrew	ferret	2.4893	368	-0.6644	1870	1.1868	-850
3	-347 N	1.3903	Reilly	reptile	1.1935	400	-1.6995	-579	-0.1089	-187
2	649 N	-1.7204	Sam	hamster	0.8442	850	-0.7346	-1142	-0.3617	1117
0	835 N	0.3758	Vani	guinea pig	0.0961	1482	0.8716	912	-0.2977	128
0	1310 N	0.2944	Reilly	guinea pig	1.1669	779	1.3142	315	-0.0863	-163
0	1407 N	0.0033	Fabrice	guinea pig	1.1859	621	-0.2667	1775	0.9554	426
1	-591 N	1.0889	Andrew	bird	0.4159	996	2.5377	-44	0.3703	961
1	-84 N	0.4706	Andrew	ferret	0.453	581	0.4724	797	0.6627	1178
1	-480 N	-0.0471	Andrew	hamster	0.5237	1425	0.1743	1631	1.1925	-254
1	643 N	0.6544	Andrew	ferret	1.1557	1357	2.4607	829	1.3032	-261
1	1044 N	0.5503	Andrew	ferret	1.2478	554	1.2218	-470	1.0931	-1018
1	-388 N	-0.5668	Andrew	ferret	0.5735	699	-0.3108	515	0.5382	-210
1	762 N	1.6659	Andrew	bird	0.8011	1561	0.3171	935	0.926	-424
4	1860 N	0.329	Tony	CAT, CHICKEN	0.5361	718	-0.2164	1624	0.7807	743
4	801 N	1.2542	Lise	rat	-0.7765	863	-0.0946	-657	1.1349	541
4	-659 N	1.4033	Tony	rat	-0.0747	645	0.9522	-1389	0.2764	1097
0	1153 N	0.1814	Chris	guinea pig	0.4543	609	-0.0088	548	-0.755	-403
0	1429 N	0.0994	Fabrice	guinea pig	-0.3482	1486	1.7367	390	0.2277	852
1	-511 N	1.4235	Andrew	bird	1.497	926	1.5429	239	0.5596	-1119
2	548 N	1.0352	Michael	ferret	0.1737	1395	1.6521	132	-0.3697	n/a
4	1083 N	0.7431	Tony	rat, chicken	1.3254	64	1.6169	-1336	0.6131	98
2	108 N	-0.0921	mICHAEL	hamster	-0.0464	1718	0.9594	-726	1.1255	1393
2	616 N	0.547	Michael	hamster	1.2347	2219	-0.8242	-406	-0.3128	1552
5	-134 N	-0.2578	Reilly	rabbit	0.0453	485	-0.0447	-205	1.261	-707
0	-165 N	0.1349	Fabrice	guinea pig	0.1535	-14	-0.2553	408	-0.627	-2044
4	1013 N	1.1622	Tony	rat, cat, chicken	-1.1503	1101	1.3597	-142	0.5123	1191
1	390 N	0.5158	Andrew	ferret	0.3579	740	1.5778	888	2.6206	-496
0	-567 N	0.3636	Fabrice	guinea pig	0.5788	1068	0.5807	1314	0.5302	-1163
2	425 N	0.2634	Sam	hamster	0.7415	528	0.9228	-562	1.795	486
4	1665 N	0.4348	Eriq	cat, rat, fish	0.4322	-389	1.2236	-98	1.1326	2113
2	583 N	0.9141	Michael	hamster	0.8068	1629	1.4131	520	-0.7747	123
2	2020 N	1.8123	Sam	hamster	1.8568	1402	-0.1979	3	0.314	706
4	948 N	1.0338	Tony	rat, fish, cat	-1.1134	310	2.688	873	-0.8111	1091
3	-308 N	0.5955	Inan	reptile	0.3324	840	-0.6755	1171	-0.2038	852
4	1248 N	0.7113	Tony	fish, cat	0.9266	412	1.4312	1455	1.0231	261
1	-537 N	2.3691	Andrew	bird	0.2463	369	0.8418	1070	1.4834	?
0	484 N	0.1943	Vani	hamster	N/A	1254	1.5812	1296	0.59	-381
1	-653 N	0.9423	Andrew	dog	2.1822	1260	1.0156	1268	1.2893	-498
5	-356 N	0.1101	REILLY	rabbit	1.1967	1064	2.2583	1044	0.4838	588
0	712 N	0.5569	Chris	guinea pig	0.4812	772	1.3125	1544	0.8106	-97
5	538 N	0.1618	rEILLY	rabbit	1.7977	621	0.9727	907	1.9652	-334
1	-1030 N	-0.1165	Inan	guinea pig	0.2066	1197	-0.0011	955	0.403	125
2	566 N	0.3366	Michael	hamster	0.5857	1039	-0.4262	239	0.498	-69
5	463 N	0.8424	Reilly	pig	0.9185	1348	1.0192	1611	None	184
0	1459 N	-0.5653	Chris	guinea pig	0.8613	71	0.2	1304	0.5934	-106
2	1703 N	?	Inan	hamster	0.8942	504	1.181	89	-0.4325	-140
0	-274 N	0.8108	VANI	guinea pig	1.8956	351	0.4182	376	0.2688	1578
0	362 N	0.9071	Vani	guinea pig	0.3169	-319	0.083	-260	0.2499	123
0	1578 N	1.2867	VANI	guinea pig	0.4162	68	0.1678	827	-0.3164	402
5	897 N	0.8519	Reilly	rabbit	-0.1138	1404	1.2008	568	0.6356	191
1	827 N	0.7872	Inan	bird	0.6187	778	0.5499	590	-1.2465	-666
1	-867 N	1.0446	Andrew	bird	0.303	572	1.0321	-1396	2.1365	494
3	470 N	0.9096	Inan	NULL	1.2932	1341	0.4102	-180	-0.3679	958
1	-874 N	1.3563	Andrew	bird	0.7477	-311	-0.9976	492	0.4356	-1453
2	1389 N	0.1783	Sam	hamster	0.7181	1894	0.7926	-237	0.885	1438
2	1393 N	-0.6879	Sam	hamster	-0.1133	2165	-0.9884	1119	0.9582	2840
0	-500 N	0.3048	Eriq	guinea pig	-0.1954	1412	0.1359	1072	-0.6897	-258
4	302 N	0.0485	Lise	cat, chicken	0.2651	779	0.4855	-111	2.0342	707
1	-45 N	1.0351	Inan	bird	1.9827	852	-0.853	1548	0.5555	173
4	380 N	0.81	Lise	fish, rat	0.913	-31	0.5161	-154	1.7029	715
3	525 N	0.1673	Inan	reptile	-0.7529	1415	1.4407	1254	-0.3769	-1824
4	-865 N	0.4755	Tony	FISH, CAT, RAT	-0.384	148	0.3543	-956	0.3037	2066
3	1818 N	0.6319	Inan	reptile	2.186	555	-1.2787	794	0.4288	-388
2	840 N	-0.7307	Sam	dog	0.3692	1513	0.6515	1319	0.3668	273
5	-940 N	-0.0739	Reilly	rabbit	0.7238	1298	1.3177	14	0.0485	-371
2	2207 N	-1.8631	Michael	hamster		101	-0.3207	-351	0.8335	404
1	68 N	0.4059	Inan	guinea pig	0.719	1413	0.1561	154	0.5616	-1059
2	-78 N	-0.0565	Sam	hamster	1.5316	1466	-1.1657	627	0.0938	669
5	-108 N	0.1243	Reilly	rabbit	1.7019	1078	1.0275	225	0.8447	1412
1	157 N	-0.0864	Andrew	ferret	-0.8825	1652	0.115	830	1.9952	-1125
1	-279 N	0.3133	Andrew	ferret	2.3185	766	1.2013	-549	0.641	635
1	-746 N	0.5839	Andrew	bird	0.7327	958	0.7517	-178	1.9636	-1447
2	1495 N	0.46	Sam	hamster	0.5452	2162	1.6454	962	-1.2551	1913
5	-499 N	0.1793	Reilly	rabbit	0.6296	937	1.53	1827	0.3026	-520
3	740 N	0.6868	Inan	dog	1.3327	1243	1.3434	1502	0.5942	1655
5	-833 N	-1.3096	Reilly	rabbit	1.2315	-301	1.7975	1021	N/A	-628
2	695 N	-0.4627	Michael	hamster	1.81	971	0.2142	-380	-1.2249	21
5	335 N	-0.3961	Reilly	pig	0.2972	1308	0.1954	1368	0.9512	169
0	1325 N	-0.2072	Vani	guinea pig	0.5966	111	0.4455	153	0.1777	-104
3	-60 N	0.8744	Inan	reptile	-0.2619	-255	0.4274	891	0.1964	396
5	-972 N	0.6368	Reilly	pig	0.1397	1167	1.3871	806	1.0201	1202
1	-241 N	1.2071	Andrew	bird	0.3496	1194	0.0167	843	-0.0299	2229
4	317 N	0.8067	Eriq	rat, cat, fish	-0.1743	-692	1.8897	146	0.0811	-1273
0	1093 N	0.5452	Chris	guinea pig	1.1906	-84	1.1443	-334	1.7086	73
0	752 N	-0.2398	Vani	guinea pig	0.4387	202	-0.051	1511	0.4403	-575
0	-329 N	1.2483	Fabrice	cat, chicken	-0.5043	183	1.2603	-565	0.5736	-1163
5	-153 N	-0.6185	Reilly	rabbit	-1.2592	1221	1.1979	1832	0.8971	-663
1	-106 N	-0.0897	Inan	ferret	2.2067	615	0.8434	1922	0.9864	1524
1	645 N	-0.0589	Andrew	ferret	0.5374	-45	1.668	1091	0.238	-1618
4	894 N	1.3305	Eriq	chicken, fish	0.0464	-55	1.7594	-252	1.6644	-10
4	-14 N	1.63	Eriq	rat	1.5236	-183	1.4068	-544	2.1552	1187
2	729 N	-0.3419	Reilly	hamster	1.9358	-320	1.3926	478	0.8343	345
1	-172 N	0.9364	Andrew	ferret	1.4435	612	0.5867	1186	2.901	-2066
0	944 N	0.577	Fabrice	reptile	0.8366	-428	0.7346	526	-1.6176	921
2	1678 N	-0.4795	Sam	hamster	1.1554	1218	0.2396	1776	-1.0937	-475
5	NULL	0.683	Reilly	rabbit	0.5574	1602	1.4321	192	0.9019	-1391
0	898 N	-0.1298	Vani	guinea pig	0.2824	1038	0.4915	1260	-0.1279	118
3	637 N	0.8324	Inan	dog	-0.035	0	0.5512	202	None	-236
0	978 N	-0.4468	N/A	guinea pig	1.3518	N/A	0.4175	1538	0.2971	-263
1	-508 N	0.1015	None	guinea pig	1.0946	336	-0.1675	178	0.9257	-348
0	1214 N	-0.2659	Vani	guinea pig	0.7804	315	0.5362	669	0.0717	-17
1	805 N	-0.3819	Andrew	bird	1.1698	1523	-1.0698	-243	1.0275	838
0	996 N	0.088	Fabrice	guinea pig	1.1923	344	-0.5197	81	0.6254	-1172
3	22 N	0.7494	Inan	Dog	0.5452	1473	-0.5222	1052	0.7615	-149
5	713 N	-0.6942	Reilly	pig	0.6544	1411	1.8036	160	0.6716	-828
3	-99 N	0.3843	Inan	reptile	0.4727	985	-0.9441	2233	-0.5662	925
2	200 N	0.3988	Sam	hamster	0.0382	534	0.2353	303	1.4334	2756
5	-887 N	0.5259	Reilly	pig	0.5319	1400	2.3257	1013	-0.2382	-1033
2	822 N	0.3006	Eriq	dog	0.5965	N/A	1.6455	-515	-1.0749	1235
3	308 N	0.1926	Inan	reptile	1.5949	-93	-0.3243	1017	-0.0662	73
1	723 N	0.8428	Andrew	bird	1.2554	1737	0.455	1409	1.4456	207
2	1351 N	-0.1933	Sam	rat, chicken	0.4883	138	-0.5122	-534	-0.2421	987
5	684 N	0.4263	Reilly	pig	1.2342	1295	1.516	487	0.656	-8
2	1779 N	-0.3117	Sam	hamster	0.9955	2498	-1.0678	-423	0.476	1089
5	-671 N	0.1189	Reilly	pig	-1.0866	504	0.3865	930	1.4585	-266
2	319 N	-0.9855	Sam	hamster	1.2735	2186	-0.0216	4	0.1739	998
2	367 N	0.0101	Michael	hamster	0.5051	327	0.8097	-353	1.4985	768
3	-51 N	0.4663	Inan	reptile	1.3227	1135	0.2981	308	0.5579	154
2	523 N	-0.6851	Sam	hamster	2.1253	141	-0.7696	-244	0.3033	510
3	-652 N	-0.4553	Inan	reptile	0.3637	1543	0.6344	385	0.101	113
2	153 N	1.2636	Sam	hamster	-0.3756	-332	-0.9022	-727	0.0038	-445
3	289 N	0.6089	Michael	pig	1.1926	1357	0.0776	1250	0.3347	856
3	-112 N	0.5319	Inan	reptile	1.0935	991	0.4329	781	-0.571	-116
2	-320 N	-1.4664	Sam	hamster	1.1645	1487	2.1181	74	-0.938	672
3	908 N	-0.4311	Inan	dog	1.2699	840	0.8124	1552	0.8665	602
0	563 N	0.9553	Fabrice	guinea pig	0.6034	1232	0.3547	1506	0.1457	293
4	1052 N	0.2021	Tony	rat	0.5752	196	1.1991	362	0.811	1386
3	-238 N	0.8193	Inan	dog	-0.9899	158	-0.577	2106	0.0829	1775
2	1466 N	0.7165	Sam	hamster	0.9486	1892	0.78	126	1.3534	1309
2	164 N	0.2551	Sam	hamster	-0.1224	952	0.5856	260	-0.2485	-769
5	-907 N	0.3807	Reilly	rabbit	-0.3995	1392	0.864	632	0.4642	1032
4	232 N	1.6462	Eriq	rat, fish	-0.0029	762	0.447	35	0.1897	557
0	984 N	1.4465	Vani	guinea pig	-0.4206	36	0.518	1647	-1.2743	-291
2	552 N	0.3877	Michael	hamster	0.0038	170	1.5605	24	-0.5642	-875
5	-467 N	-1.0927	Reilly	pig	1.2223	1159	1.0898	811	-0.0168	1146
1	42 N	-0.0781	Sam	ferret	0.5656	379	0.1949	1568	2.3158	22
5	643 N	0.7814	Reilly	reptile	1.2253	-196	0.965	162	0.6888	-335
2	1616 N	0.3357	Michael	hamster	2.3082	900	-0.0228	723	0.3445	619
5	110 N	0.3393	Reilly	pig	1.8452	-459	0.5991	1833	0.531	1050
2	532 N	-0.2667	Michael	hamster	0.9873	-805	-0.8967	-256	0.9837	-266
3	-139 N	0.8843	Inan	dog	0.4024	-203	1.102	1942	-0.1178	369
4	1184 N	1.1869	Eriq	fish, chicken, cat	0.3643	220	1.4588	925	0.8296	898
4	1252 N	0.7179	Eriq	fish, rat	0.2766	655	0.0397	-830	-0.0577	929
1	-327 N	0.6075	aNDREW	hamster	2.601	1882	0.1139	-709	0.3782	1226
2	400 N	-0.2834	Michael	hamster	-0.1766	1228	-1.4116	-349	1.2381	597
0	-268 N	0.097	Inan	guinea pig	0.655	1632	-0.3653	1378	1.4326	222
2	1621 N	1.3792	Michael	hamster	1.2219	483	0.499	-1208	0.5191	343
5	-522 N	0.0557	Reilly	ferret	1.0173	1639	2.0565	384	0.169	-1982
2	1842 N	-0.4501	Sam	hamster	0.5176	551	0.035	-259	-0.5837	87
5	112 N	0.6746	Michael	rabbit	0.5553	1661	0.376	-390	0.8473	344
5	-235 N	0.9642	Reilly	rabbit	1.4635	601	1.1695	573	0.4609	249
3	1067 N	0.7727	Inan	Reptile	-0.0988		-0.3615	49	-0.0226	-410
5	938 N	0.3954	Reilly	rabbit	1.2927	1514	1.5416	905	1.3417	1094
0	799 N	2.0782	Chris	guinea pig	-0.7784	181	-0.5021	1510	-0.1623	550
1	19 N	1.0109	?	bird	-0.3094	1093	1.6702	1214	-0.0978	114
1	75 N	0.9059	Andrew	bird	0.6412	81	0.3875	1054	0.5248	257
1	426 N	0.8956	Andrew	n/a	1.7369	1331	0.8083	195	-0.4527	-864
4	1629 N	1.2024	Lise	chicken, rat	0.6738	-1216	1.7623	318	0.7972	575
0	102 N	0.7801	vani	guinea pig	1.2792	1213	-0.178	1994	0.6272	599
4	1656 N	1.3594	Lise	fish, chicken, cat	-0.8093	155	1.8908	288	-0.1081	1638
0	557 N	0.0429	Vani	guinea pig	0.2961	1098	0.9931	1539	0.7277	1637
2	800 N	1.2656	Sam	hamster	1.7822	674	0.5743	-28	-0.2595	888
3	341 N	0.5003	Inan	reptile	1.3276	1541	1.1036	950	0.1948	308
1	-739 N	0.4809	Andrew	ferret	1.1074	1744	1.6497	1037	0.355	192
5	71 N	-0.8075	Reilly	cat	-0.8302	1510	-1.3998	616	2.1595	-304
1	-673 N	0.9246	Tony	bird	0.2799	1070	-0.5955	520	1.9799	600
5	26 N	0.2171	Reilly	rabbit	0.8168	-489	1.8824	-75	1.9686	219
4	967 N	0.8186	Lise	cat, chicken	0.878	1477	2.5447	-859	1.7158	-1
5	-708 N	1.1256	Reilly	pig	0.5611	925	1.2979	1566	0.1767	1225
5	-440 N	-0.8026	Reilly	rabbit	-0.1062	1246	1.6929	304	0.6747	1214
5	-778 N	1.5128	Reilly	pig	0.3181	-609	-0.5505	2026	1.5665	-348
1	169 N	0.1275	Andrew	bird	1.9438	-81	-0.9829	462	1.6913	-821
0	-80 N	1.033	Vani	guinea pig	0.5652	913	0.0436	1069	-0.8077	-80
5	-543 N	1.0827	Reilly	pig	0.3481	663	0.5254	525	0.5133	-1276
1	-1157 N	1.2782	Andrew		2.0496	741	-1.3495	1406	NULL	805
5	561 N	0.6804	Reilly	rabbit	0.1282	1201	1.3606	618	2.2073	-847
1	-279 N	1.2315	Andrew	ferret	1.581	1893	0.0404	618	-0.9189	896
3	429 N	0.2099	Inan	reptile	0.4115	-670	0.5448	-168	0.3361	1441
2	1069 N	0.9056	michael	hamster	1.2984	-646	0.584	-199	0.5086	947
5	-632 N	0.4452	Reilly	pig	1.2721	162	-0.0633	477	1.7887	-122
3	NULL	0.8779	Inan	cat	-0.4873	121	0.9618	313	0.5059	78
4	1263 N	0.8127	Eriq	fish	2.2375	116	-0.492	193	1.1527	1605
4	878 N	0.2923	Tony	cat	-0.5163	-253	1.5537	511	0.516	-143
0	1331 N	0.3382	Chris	hamster	1.4225	950	-0.6207	939	-0.3869	-788
1	-736 N	0.3702	Andrew	reptile	1.0834	690	1.3461	839	0.0246	-121
3	-219 N	-0.2034	Inan	reptile	0.4393	234	0.9589	773	-0.0793	-459
0	376 N	1.1111	Vani	guinea pig	-0.6702	1013	-0.1252	3	-0.127	-135
0	305 N	-0.1186	Michael	guinea pig	0.8711	717	-0.0269	1682	-0.0664	-568
3	-855 N	0.6178	Inan	dog	0.4404	-219	0.5625	1681	-0.0945	740
5	-47 N	0.0198	Reilly	pig	1.1115	830	2.0794	598	1.2978	-1182
5	1107 N	0.5438	Reilly	pig	0.5148	936	1.1619	1315	0.7962	NULL
3	153 N	0.8339	Inan	dog	0.5907	1300	0.1553	1207	1.2175	-218
3	-543 N	0.9485	Inan	reptile	1.6201	1326	-0.9445	1130	1.7152	-35
4	594 N	1.4456	Andrew	cat, rat, fish	0.8407	1113	2.1083	206	1.0196	-1063
3	-162 N	0.0124	Inan	dog	0.8635	649	1.7043	2552	-0.5816	183
1	274 N	0.682	Andrew	bird	-0.2753	930	0.9481	322	2.1137	-511
0	1474 N	1.4951	Fabrice	guinea pig	0.6638	1300	-0.3311	502	-0.9083	791
1	-542 N	0.8934	Andrew	ferret	0.2581	1056	0.1764	890	-0.3121	-1133
0	694 N	0.7763	Chris	guinea pig	0.4736	1338	0.9398	268	1.3349	194
1	615 N	-0.3223	Andrew	ferret	1.6592	1361	0.2649	298	0.4905	-661
4	880 N	0.498	Lise	chicken, rat	-0.1058	-91	1.6898	150	0.673	389
0	1281 N	0.0817	Chris	guinea pig	0.4434	565	-1.4518	1445	0.7248	246
5	-203 N	0.8411	Reilly	RABBIT	0.1944	468	1.1004	616	1.927	-211
4	-423 N	1.5448	Tony	cat	0.4385	639	0.8039	-116	0.3494	1883
2	812 N	0.9984	Michael	hamster	2.4419	1285	1.821	114	1.2786	606
0	274 N	0.0727	Fabrice	guinea pig	0.7165	1062	-0.6615	56	0.8452	-801
4	827 N	-0.389	Lise	fish, cat	-0.1311	391	0.7176	-530	0.3385	37
3	102 N	0.9822	Inan	dog	0.2217	-62	-0.3268	-631	-0.4916	870
4	557 N	0.8143	Tony	bird	-0.5872	552	2.2248	-1436	0.4514	-512
4	259 N	0.4583	Lise	fish	-0.1352	-77	1.612	194	1.1437	1204
4	None	1.4512	Tony	rat, fish, chicken	1.006	-186	-1.3136	-980	-0.7592	-223
1	248 N	-0.1254	Andrew	bird	0.0178	1949	-0.5139	n/a	?	-764
4	1312 N	-0.7348	Lise	fish, cat, chicken	0.3473	380	0.102	883	0.1655	1468
2	550 N	1.4402	Sam	hamster	0.78	962	-0.4003	-531	0.633	1618
4	1505 N	-0.1421	Eriq	rat, cat	0.5008	451	0.2766	-831	-0.0325	1546
2	-88 N	-0.7667	Michael	hamster	2.114	1775	1.0614	-204	0.5222	573
0	301 N	0.8577	Chris	guinea pig	0.3184	1086	-0.5398	309	-0.145	58
1	-117 N	1.0873	Reilly	ferret	0.935	1160	-0.2937	2157	1.2165	1545
3	284 N	0.1496	Eriq	dog	1.6211	1096	0.3004	1109	0.6006	2009
3	596 N	-0.1355	Inan	reptile	1.9864	2004	0.823	776	-0.376	-119
2	-332 N	1.0853	Sam	hamster	-0.6297	-365	-0.5187	10	1.354	-338
2	872 N	0.8606	Andrew	hamster	0.6263	517	0.1076	-695	0.3333	1012
5	-791 N	0.4034	Reilly	pig	1.8011	776	-0.3458	-324	0.6591	-603
3	1689 N	-0.1025	Inan	reptile	-0.0573	872	1.0893	1598	1.1559	1233
2	357 N	0.5082	Sam	hamster	2.7432	1626	0.5881	-563	0.1929	-461
2	2240 N	0.2551	Michael	hamster	1.3778	428	0.87	-193	0.6021	1189
5	203 N	0.3911	Reilly	pig	-0.5015	766	0.8569	1347	0.7265	-409
1	-861 N	n/a	Andrew	ferret	0.0885	730	0.1204	386	0.4513	819
1	926 N	-0.3926	Andrew	bird	0.2605	697	0.6343	1341	0.9234	1989
5	369 N	0.6372	Reilly	rabbit	-0.4411	799	-0.3811	412	1.2465	315
3	810 N	0.1308	Inan	reptile	0.7259	833	0.1149	1515	1.4461	267
3	-97 N	0.2662	Inan	reptile	0.3987	-226	-0.7347	1765	0.0608	577
1	-974 N	-0.2371	Andrew	bird	1.1758	1632	0.7358	1776	0.7122	-1393
5	792 N	0.1484	Reilly	RABBIT	0.5975	-882	0.7137	834	0.1436	460
4	554 N	0.2169	Andrew	cat, rat, chicken	0.347	948	0.6929	-566	1.408	172
4	416 N	1.0362	Tony	guinea pig	0.0813	-450	1.7439	-440	2.0945	-1343
0	775 N	0.5219	Vani	guinea pig	2.4727	-1241	2.0434	721	0.434	-908
0	518 N	-0.9142	Chris	guinea pig	1.0631	851	0.5115	720	0.4719	188
5	-793 N	0.5211	Reilly	pig	0.3756	350	1.3395	1141	0.8458	-758
1	-372 N	0.8124	Andrew	bird	0.4242	634	-0.3099	1120	1.0979	-915
4	2019 N	0.4738	Lise	rat, cat, chicken	1.0371	-644	1.5339	-831	1.2223	-797
0	1796 N	0.7096	Fabrice	guinea pig	0.7402	330	-1.0907	742	-0.1083	584
3	1285 N	0.4163	Inan	dog	0.4431	472	0.2224	-29	0.276	393
1	-148 N	0.0059	Andrew	ferret	0.8687	1123	1.8259	1162	1.0999	-1924
4	-314 N	-0.4919	Tony	fish	0.3863	613	1.1197	-660	0.7276	255
3	59 N	-0.7937	Inan	reptile	0.3575	-201	0.2719	604	1.1245	554
2	940 N	-0.0471	Michael	hamster	0.8333	1282	1.1306	-297	1.3811	-1184
4	-857 N	0.7231	Sam	FISH, RAT, CHICKEN	1.0892	547	1.9954	159	0.9715	N/A
2	-402 N	1.2836	Michael	hamster	0.1679	828	0.014	629	0.187	93
2	109 N	-0.5383	Michael	hamster	1.8486	567	1.078	-1715	1.1808	546
1	-508 N	1.9402	Andrew	bird	0.6744	1579	-0.6914	468	1.4612	-771
2	2305 N	0.0065	Sam	hamster	2.076	2070	0.0916	-221	0.0689	673
3	-522 N	-0.1678	Inan	dog	1.0702	157	-0.2235	815	0.8544	-1738
0	1641 N	1.7892	Fabrice	GUINEA PIG	-0.1088	1154	1.923	867	0.4283	727
0	663 N	0.4076	Fabrice	guinea pig	0.7372	1576	0.2444	2231	-0.3375	-196
3	304 N	0.446	Inan	reptile	1.0396	1277	0.3803	1548	1.099	-186
4	-826 N	0.2762	Lise	fish, chicken	-0.3308	-774	0.1161	949	1.1156	-379
2	818 N	0.1485	Fabrice	rat, fish	-0.5767	472	0.8254	225	1.1807	-891
5	621 N	-1.1628	Reilly	pig	0.3341	486	0.7797	-466	-0.2908	-510
2	1033 N	-0.1717	Inan	hamster	1.1276	1141	-0.2505	912	-0.9624	-349
2	253 N	1.0876	Michael	hamster	1.8229	528	0.671	-475	1.2531	874
0	-585 N	0.8812	Chris	reptile	0.5227	140	1.1912	897	None	1210
1	315 N	1.934	Andrew	ferret	1.7827	1095	0.4918	730	1.203	1269
3	450 N	0.0699	Inan	reptile	0.9528	484	0.9929	579	-0.2277	-741
1	267 N	0.4416	Andrew	ferret	?	355	0.5267	607	1.5852	1903
5	-248 N	0.7405	Reilly	pig	0.9346	405	-0.0142	756	0.4212	664
3	999 N	-0.9326	Inan	dog	0.7883	-391	0.5143	-482	1.3205	346
2	2167 N	-1.4432	Michael	hamster	1.5728	1177	0.1218	179	-0.3007	980
0	557 N	1.7057	Chris	guinea pig	-1.4322	-68	1.3752	2005	0.6159	-1563
4	57 N	1.1293	Lise	BIRD	1.4822	368	-0.1382	10	0.3323	37
0	1872 N	1.0879	Fabrice	guinea pig	-0.3365	-3	-0.8873	938	0.3578	-189
5	767 N	1.2445	Reilly	rabbit	-0.8963	774	0.8524	-349	0.7702	-380
3	-39 N	0.3447	Inan	reptile	0.1195	1337	2.431	1853	0.6049	755
5	411 N	0.7454	Reilly	pig	1.4159	104	0.7604	1777	0.6301	1476
1	742 N	1.6455	Andrew	bird	2.6019	1098	0.5726	1268	2.2707	-231
4	184 N	0.3169	Tony	chicken, rat	0.7268	-239	1.5271	-1371	0.3125	-124
1	110 N	0.2235	Andrew	bird	3.7889	262	-0.0733	679	0.5428	-189
5	-386 N	0.4577	Reilly	rabbit	1.8808	631	1.9073	711	0.8275	518
1	-184 N	0.5139	Andrew	reptile	0.085	933	0.9264	896	0.709	210
3	289 N	0.6525	Inan	reptile	0.485	439	1.1191	868	0.4724	-114
1	840 N	0.2223	Andrew	bird	1.4803	1602	1.567	1098	0.1413	507
5	-187 N	0.595	Reilly	rabbit	0.3857	1040	0.1767	-340	1.0389	-81
4	66 N	1.1798	Eriq	rat, fish, chicken	-0.9216	554	1.2776	200	0.4722	-496
5	271 N	-0.3052	Michael		-0.4379	283	1.6722	632	1.8032	-1116
1	-51 N	0.7851	Andrew	ferret	0.7634	1349	-0.6106	278	0.8071	-75
5	5 N	0.3062	Reilly	pig	-0.0576	838	0.4687	1155	1.3007	-763
4	573 N	-0.2903	TONY	cat	-1.4946	1101	0.9925	920	0.263	392
3	-1057 N	1.5735	Inan	dog	1.4215	403	-0.875	1342	0.5148	294
2	355 N	0.4602	Sam	bird	1.1099	781	-0.3191	-433	0.5077	772
5	-676 N	0.9626	Reilly	pig	0.8215	725	0.7607	1333	0.9789	459
3	465 N	0.7237	Inan	reptile	-0.8538	601	None	1088	0.7031	589
1	16 N	0.7026	Andrew	ferret	1.7343	1172	None	519	2.2222	-398
1	-458 N	0.1284	Andrew	ferret	1.4461	1817	0.9226	753	0.9479	-370
2	1624 N	0.5217	Michael	HAMSTER	1.5615	1077	1.523	440	-1.0762	-1035
2	None	-0.2417	Michael	guinea pig	0.0302	-673	1.4243	371	-0.1004	583
2	1316 N	0.7709	Michael	hamster	1.3966	1414	-0.6466	1049	0.5892	897
5	-282 N	0.728	Reilly	pig	0.4408	793	1.4426	857	1.2809	720
2	1317 N	-0.2036	Sam	hamster	1.1161	2279	0.1424	-518	0.5178	405
3	-187 N	0.1719	Inan	reptile	1.2952	-65	2.4374	761	0.4823	383
5	-1132 N	-0.5168	Reilly	rabbit	-0.0811	1336	2.2672	1996	1.4416	-176
0	162 N	1.3415	Michael	guinea pig	-0.1575	1095	0.2089	709	-0.4721	348
2	1717 N	1.5015	Michael	hamster	1.437	847	0.8158	-1020	0.2217	1037
4	1813 N	1.13	Tony	rat	1.5966	457	1.4	-256	-0.3131	960
5	-817 N	-0.9551	Reilly	pig	2.0403	1040	2.3336	2221	1.8759	-443
2	200 N	-1.0662	Michael	hamster	1.615	N/A	0.3667	731	-0.2207	561
0	1541 N	1.1104	Fabrice	guinea pig	0.6868	460	0.5472	711	1.3692	-1332
4	850 N	0.9785	Lise	rat, cat, chicken	0.611	987	0.5741	338	0.0404	166
1	-496 N	0.4902	Andrew	ferret	-0.5284	502	-0.1986	-783	1.2255	255
0	1412 N	0.3499	Vani	guinea pig	0.4595	1461	0.7675	776	0.0714	904
4	-249 N	0.7446	Eriq	rat, fish	-0.2827	181	2.0506	481	1.1298	60
5	824 N	0.1812	Inan	rabbit	1.5854	2106	1.5352	815	0.82	122
1	-815 N	1.0742	Andrew	bird	0.8879	1364	0.496	434	1.4114	-409
3	-853 N	0.5243	Inan	reptile	0.0129	204	-0.7837	949	0.8263	767
0	1003 N	1.1437	Fabrice	rabbit	0.6815	1745	0.0857	2019	0.0646	769
4	1202 N	1.4491	Lise	CHICKEN	1.6727	-322	0.3729	-162	1.1997	-31
5	-995 N	1.865	Reilly	pig	-0.0162	1471	0.2075	-868	1.2741	-168
5	812 N	0.6943	Reilly	rabbit	0.8005	437	0.5539	311	0.8751	-2080
1	-483 N	-0.0207	Andrew	bird	1.109	566	-0.9868	618	1.3128	1238
5	-717 N	-0.5471	NULL	rabbit	1.371	1119	-0.313	252	1.0565	1228
5	-1012 N	-0.0017	Reilly	guinea pig	1.2408	1638	1.1275	300	1.604	635
4	926 N	0.858	Tony	rat, fish, cat	0.943	478	1.4443	-285	1.5313	1847
2	1538 N	-1.2048	Michael	hamster	-0.4673	471	-0.4117	327	-0.2247	-101
5	-1415 N	-0.5056	Reilly	rabbit	-0.5146	-63	1.1968	460	0.1186	-1032
0	982 N	0.2183	Fabrice	guinea pig	0.7428	451	0.4727	1188	0.4582	-980
5	513 N	0.2446	Reilly	rabbit	0.6717	697	0.1569	1048	0.827	729
4	303 N	0.6242	Tony	hamster	1.0257	630	0.4957	-403	0.9454	-1256
2	1407 N	0.1577	None	hamster	0.7634	892	-1.1069	212	-0.6671	-372
5	-614 N	1.3733	None	rabbit	-0.257	1043	1.3169	1006	1.0927	-510
2	-130 N	0.476	Michael	hamster	0.8249	1321	1.4176	796	-0.0012	1644
2	649 N	0.359	Sam	hamster	0.9952	1464	1.7052	80	-0.1183	197
5	-876 N	0.8912	Reilly	pig	-0.0953	-189	-1.3178	421	1.156	-330
0	1004 N	0.9519	Chris	guinea pig	0.1491	1196	N/A	-560	0.2004	-730
1	589 N	0.4961	Andrew	ferret	1.0867	1082	0.5715	800	0.9439	-219
4	140 N	0.8788	Inan	cat, rat, chicken	0.6329	301	1.6826	-489	1.4647	-13
2	1659 N	-0.2419	Michael	hamster	0.2003	813	1.127	-199	1.0829	897
0	1672 N	-0.1692	Chris	guinea pig	2.669	900	-0.935	849	0.4562	368
2	579 N	0.32	Michael	hamster	0.9142	1105	0.9176	44	1.4036	1145
2	1245 N	-0.2198	Michael	hamster	0.6898	407	-0.2692	490	-0.2488	836
0	-811 N	1.478	Chris	guinea pig	1.8596	208	0.4541	162	-0.4112	865
4	-829 N	0.6553	Tony	cat	1.5738	454	1.6418	-122	0.8635	1912
2	457 N	1.8609	Michael	hamster	1.1107	473	1.1002	506	0.2796	-143
1	-606 N	0.5496	Andrew	bird	0.0063	98	0.7414	132	1.398	933
4	340 N	0.7264	Lise	chicken, rat, fish	1.0806	-230	0.3767	-333	0.2841	-242
0	1719 N	-0.1856	Inan	Guinea Pig	1.2286	1311	2.1378	1614	0.311	771
3	256 N	-0.4242	Inan	dog	2.0834	229	0.6534	189	-0.1603	670
1	828 N	-0.0605	Andrew	ferret	1.7646	703	0.8484	1527	0.526	959
2	241 N	1.3293	Michael	hamster	1.0055	1058	0.8716	-8	-0.9685	1369
1	-643 N	0.4986	Andrew	ferret	-0.4677	842	0.748	239	1.2161	-1109
4	1064 N	0.5015	Lise	fish, chicken, rat	-0.1868	NULL	-0.436	0	0.3463	-254
0	567 N	0.1522	Chris	reptile	1.4902	383	1.5237	1573	-0.3612	-511
4	634 N	0.2017	Tony	rat, cat	-0.2968	1010	2.3413	-764	0.5561	-210
3	-352 N	-0.6111	Inan	reptile	-0.1714	218	1.7678	556	-0.577	1019
5	1353 N	0.417	Reilly	rabbit	0.8308	48	0.4317	805	1.3726	-661
4	-441 N	-0.3917	tony	chicken, fish	-0.542	-106	0.3035	-325	0.8016	285
3	1334 N	0.3994	Sam	dog	0.6421	1329	-0.2674	1279	0.6699	517
0	1255 N	0.9054	Chris	guinea pig	0.4219	1066	1.9428	1379	0.2241	1423
1	649 N	0.4126	Andrew	bird	1.1829	1710	-0.2368	180	0.4173	159
4	1832 N	-0.6377	Tony	ferret	1.712	-224	1.3812	1023	-0.7864	168
0	1273 N	0.165	Chris	guinea pig	0.7752	714	0.9981	111	-0.4811	1771
4	1823 N	0.5025	Tony	cat, fish, rat	0.2814	421	0.3692	76	0.3006	1105
3	921 N	-0.7254	Inan	dog	0.2475	1382	-0.2834	698	-0.1655	642
4	525 N	1.3837	Eriq	cat, chicken	0.6915	814	0.9658	-996	0.3115	1697
1	326 N	1.9535	Andrew	ferret	1.6167	704	0.6679	-89	0.2186	-37
4	2306 N	0.4769	Eriq	chicken, fish	-0.3897	51	1.282	261	0.4288	411
4	838 N	-0.0721	Tony	chicken, rat	1.0303	623	-0.4405	535	0.4046	275
2	63 N	-1.2374	Michael	hamster	-0.0024	1413	0.2228	300	0.5199	239
0	290 N	1.1145	Chris	guinea pig	-0.8203	446	-0.476	780	None	675
4	2177 N	0.544	Tony	cat, rat, chicken	0.3053	268	0.8091	-1070	-0.3188	1768
3	230 N	0.5309	Inan	reptile	0.9295	790	0.5218	918	-0.8188	656
1	1817 N	-0.1067	Andrew	bird	1.0493	-126	1.9567	695	-1.0886	61
1	14 N	0.615	Andrew	ferret	0.3798	7	0.9071	1859	0.5909	-642
0	305 N	1.0648	Chris	guinea pig	1.0578	733	0.0788	250	1.3234	-140
3	681 N	0.7451	Inan	reptile	1.6068	1453	-0.0311	922	-0.4513	-1893
4	1018 N	0.5868	Lise	cat, fish, rat	0.9724	1425	2.3163	254	0.8517	38
2	1288 N	1.5229	Michael	dog	0.1599	2453	1.8201	1071	-0.4732	-531
5		-0.0489	Reilly	pig	0.9357	570	-0.7077	228	1.6248	-825
4	301 N	0.5296	Eriq	cat	0.7545	-130	0.7716	865	0.5527	1093
0	963 N	0.3291	Vani	guinea pig	0.7976	950	-0.2101	784	-0.0637	-8
4	1491 N	1.5383	Eriq	chicken, rat, fish	0.5509	12	0.4168	965	1.1074	443
1	-70 N	-0.843	Lise	ferret	0.5926	14	1.1214	?	0.123	652
3	552 N	0.1278	Inan	reptile	1.3959	1486	0.8427	866	0.8079	698
1	895 N	1.9316	Andrew	ferret	1.4739	986	1.2576	943	1.345	-856
4	-272 N	1.2446	Lise	bird	0.8325	-7	0.3521	-1430	0.3926	1923
3	-710 N	0.5498	Inan	dog	2.4098	755	0.4239	1300	-0.2024	-295
3	-751 N	-0.481	Inan	reptile	0.3579	931	0.7687	2161	0.7778	-876
3	-1083 N	0.9117	Inan	dog	1.8296	2064	1.8247	1158		-905
4	-18 N	0.7045	Tony	cat, chicken, fish	0.8099	-636	1.669	-23	1.8362	657
4	896 N	0.0214	Tony	cat, fish, chicken	1.7575	691	0.9459	70	0.4923	-187
0	-690 N	0.8425	Fabrice	ferret	0.8963	-230	-0.5946	845	0.7532	1402
0	-860 N	0.4748	Chris	guinea pig	2.3297	864	0.1165	1214	0.6439	915
1	-231 N	1.2632	Andrew	hamster	0.6605	2456	2.0406	1332	0.3696	2159
3	426 N	0.8671	Inan	dog	1.315	1223	0.8928	521	0.457	678
4	1399 N	0.5768	Vani	Fish, Rat	0.469	-190	1.1378	1629	1.2175	1025
5	259 N	-0.4344	REILLY	rabbit	1.3524	643	0.1681	-742	0.5426	428
4	194 N	-0.4709	Tony	FISH	0.4085	197	-0.1939	-1157	-0.1702	-58
3	1475 N	-0.4449	Inan	dog	0.1537	2100	0.2984	434	0.6116	-47
5	106 N	0.2342	Reilly	rabbit	0.8613	467	0.0825	133	1.4797	-607
3	-1010 N	1.0023	Inan	ferret	-0.4631	1334	0.2714	502	0.6096	-759
5	-338 N	-0.3139	Reilly	pig	0.6701	1297	1.1126	779	0.5652	511
2	1018 N	1.3901	Sam	hamster	0.0907	1162	-0.5333	-380	0.3062	1869
3	-294 N	0.1899	Inan	dog	0.3195	398	0.5585	1123	NULL	137
2	1383 N	0.7974	Michael	hamster	0.7843	336	-1.9514	-183	0.6518	-2
5	-204 N	-0.3184	Reilly	rabbit	1.106	2020	0.55	580	0.6065	-175
5	407 N	0.3773	Reilly	pig	0.1024	984	1.8817	1426	-0.1142	1010
0	651 N	0.056	Fabrice	guinea pig	0.9417	742	0.7228	1291	0.885	1408
3	1074 N	-0.3694	Inan	reptile	0.4399	-299	1.6115	909	0.9788	548
1	465 N	0.9098	Andrew	ferret	-0.0377	1137	-1.1906	1859	0.9346	-283
3	-774 N	-0.1682	Inan	dog	0.8521	-189	-0.1152	1669	0.128	114
4	1575 N	0.2114	lISE	fish, chicken, rat	0.2974	1009	0.2337	-1037	0.9427	874
0	915 N	0.0839	Vani	Guinea Pig	-0.2334	1189	0.7185	1547	-0.0198	114
1	881 N	-0.3193	Andrew	ferret	0.1636	2107	1.4768	2101	1.4469	694
4	1453 N	1.3028	Eriq	fish	1.3482	46	1.2607	459	1.6088	835
3	432 N	0.5095	Inan	dog	0.4614	927	-0.4366	-549	-0.0497	NULL
4	930 N	0.4141	eriq	rat, fish, cat	0.9422	-708	1.4132	-754	0.8509	859
5	-75 N	0.2527	Reilly	reptile	-0.424	1220	0.632	2747	-0.8503	531
4	481 N	1.0442	Lise	fish	-0.0061	138	1.1591	-679	0.4756	-240
0	749 N	0.58	Vani	guinea pig	-0.7844	957	-0.127	581	0.7102	-28
0	1169 N	0.7062	Fabrice	guinea pig	0.0718	1306	2.1293	1174	0.0474	-1170
4	887 N	1.0891	Tony	rat	0.2732	-678	0.1208	-825	0.7083	1117
1	168 N	1.6803	Lise	ferret	2.0976	1061	0.6209	1296	1.4029	2129
1	-210 N	0.9447	Andrew	bird	2.0584	1856	0.8798	1307	1.5806	639
0	512 N	-0.2463	Fabrice	guinea pig	1.5365	1293	-0.48	1610	0.8618	-871
3	-388 N	0.4924	Inan	dog	1.4166	1543	0.0939	890	-1.0548	1557
4	-155 N	0.3317	Tony	rat, chicken, fish	-1.2444	-162	1.5744	-964	0.9718	1500
1	588 N	2.1154	Andrew	ferret	0.2189	978	1.9496	1453	0.6214	535
2	-691 N	0.7204	Inan	hamster	0.4749	1686	1.231	960	-0.2948	72
4	536 N	-0.054	Tony	cat, chicken, fish	1.1208	3	0.7717	-117	0.4479	1666
2	769 N	0.3359	Sam	HAMSTER	0.1569	1749	-1.1256	-572	0.0806	-1055
5	231 N	-0.7053	VANI	PIG	-0.1646	607	0.2176	984	1.9071	135
3	-617 N	0.1163	Inan	bird	0.8303	1038	0.3659	1231	0.0246	177
4	2171 N	0.799	Lise	ferret	1.8343	-217	-1.0969	628	0.5655	172
1	None	0.2204	Reilly	bird	1.8397	720	0.7519	999	0.4589	1188
2	481 N	-0.7162	Lise	hamster	2.1456	519	0.0139	10	-0.4425	-332
5	-628 N	-0.1338	Reilly	pig	1.429	2013	-0.0077	866	0.2608	161
4	760 N	0.2594	Lise	cat, chicken	0.1902	489	2.4862	-932	-0.9017	1312
0	935 N	-0.693	Chris	guinea pig	1.1672	38	0.0016	418	-0.3702	581
5	425 N	0.5961	Reilly	rabbit	1.9408	342	1.9714	-36	1.538	-71
5	-41 N	0.6024	Eriq	pig	-0.1668	1042	0.7361	1159	0.7696	-281
0	1136 N	0.5218	Chris	guinea pig	1.0855	777	-0.0144	1888	0.6728	1014
5	-46 N	0.3385	Reilly	rabbit	0.4643	654	0.0817	1330	0.7786	-2429
1	-498 N	0.9012	Andrew	n/a	1.239	637	1.1159	1448	0.8699	-234
2	529 N	0.7239	Sam	Hamster	0.5152	1106	0.1729	229	1.3282	781
1	586 N	0.2576		dog	0.6377	1569	0.7043	1362	1.1707	495
1	407 N	0.5931	Andrew	bird	2.2559	1686	1.3589	864	2.2315	710
1	-1608 N	1.2168	Sam	ferret	-0.3388	1783	-0.4626	14	0.1697	789
5	1496 N	0.8172	Reilly	pig	1.2516	142	1.7005	952	0.9855	628
4	806 N	1.6943	Lise	chicken, fish	-0.0083	103	1.5951	-30	1.5843	-290
0	1078 N	2.2331	Vani	GUINEA PIG	-0.9141	105	-0.0299	1197	-0.8251	325
4	-243 N	0.454	Lise	cat	1.1764	-292	0.8478	323	1.454	614
3	853 N	0.5761	Inan	reptile	0.488	-255	0.8884	1549	-0.1052	517
3	-497 N	1.4627	Inan	reptile	1.4319	2985	-0.6805	1139	0.783	-986
1	718 N	0.6083	Andrew	bird	-1.3304	1063	0.4978	1029	-0.107	1379
3	-224 N	-0.2856	Inan	reptile	1.1621	592	0.5254	631	0.1287	-787
1	-51 N	0.1761	Andrew	ferret	0.4925	540	-0.811	148	1.0688	-269
5	-198 N	0.3467	Reilly	pig	0.5022	1105	0.695	1192	1.113	-1761
1	-604 N	0.6281	Eriq	ferret	0.1757	1783	0.0395	955	1.0626	582
0	413 N	1.2439	Chris	n/a	0.4137	2164	0.7453	117	0.3823	228
5	146 N	-0.4847	Reilly	rabbit	0.6985	2639	1.1177	1136	0.9367	-787
3	-865 N	1.1977	Inan	dog	1.7192	86	-0.0882	2731	-0.6906	541
2	-200 N	-0.8563	Michael	hamster	-0.529	1933	1.1086	-635	0.2189	1325
2	174 N	-0.2643	Sam	hamster	1.8413	78	-0.9228	-256	-0.0983	894
2	1061 N	-0.2126	Sam	hamster	1.7966	685	1.0496	632	-0.0013	1706
1	8 N	0.5316	Andrew	ferret	2.6642	-434	-0.6162	-145	0.9048	-260
0	1040 N	-0.7217	FABRICE	guinea pig	-0.0176	-133	1.3788	983	-0.4441	-288
5	-710 N	0.4264	Reilly	rabbit	-0.8382	310	2.1074	83	0.7818	-557
5	827 N	0.6024	Reilly	rabbit	-0.1915	2389	0.9104	761	0.634	-1118
5	821 N	0.6505	Reilly	guinea pig	0.3434	936	1.6775	2384	1.4748	268
4	1827 N	1.0742	Lise	chicken	-0.2981	10	2.4356	-205	0.6004	1954
5	730 N	-0.1068	Reilly	pig	1.6321	1443	1.1673	1546	0.7053	1306
1	-261 N	0.3541	Andrew	bird	0.5899	1346	0.537	1379	0.2854	417
3	-56 N	1.1277	Inan	reptile	1.1298	969	-0.2994	1334	0.0485	-728
3	-104 N	0.618	Inan	dog	1.2319	751	-0.2812		0.3734	697
0	1300 N	1.3413	Chris	guinea pig	0.6298	347	0.4495	1580	1.271	-2292
5	-386 N	1.087	None	pig	1.1596	1567	0.885	812	-0.3688	-982
2	274 N	-0.2858	Sam	hamster	-0.7076	131	-0.703	-1430	-0.4227	632
3	-12 N	0.0495	Inan	reptile	0.9461	2159	-0.7717	793	2.1729	-1287
0	1373 N	0.7908	Chris	bird	0.1874	2792	0.6696	158	-0.4352	-1217
1	463 N	1.3695	Andrew	bird	1.6295	1237	-0.5867	483	0.1523	-1318
0	1316 N	0.8673	Chris	GUINEA PIG	0.7709	685	0.0018	621	-0.6208	-659
4	1899 N	1.069	Eriq	fish, rat, chicken	1.323	-31	0.6744	552	0.783	256
0	1153 N	1.1777	Chris	guinea pig	0.6321	175	-0.6051	798	1.4574	893
1	-123 N	0.0242	Andrew	ferret	1.8552	1035	1.2654	349	0.9923	874
2	1324 N	-0.9687	Andrew	hamster	1.1101	-134	-1.5003	-1323	0.2967	-439
0	1103 N	-0.784	Chris	guinea pig	1.5001	1747	0.5372	1374	0.7697	-944
5	-545 N	-0.5223	Inan	pig	0.9279	529	1.6809	515	1.305	-769
0	1400 N	0.8875	Chris	guinea pig	1.1532	669	0.2937	674	-0.2211	284
5	-79 N	-0.2428	Reilly	rabbit	0.6779	892	1.588	1297	-1.9175	-240
5	493 N	0.7369	Reilly	pig	2.4858	1197	0.7911	643	0.2245	267
0	130 N	0.208	Vani	guinea pig	0.8835	449	-0.3865	579	1.1121	889
0	1393 N	0.2721	Fabrice	guinea pig	0.9658	479	-0.255	780	-0.0066	-1116
1	-2 N	0.1481	Andrew	bird	0.8812	664	-2.0331	941	1.2463	1233
4	1835 N	0.1683	Eriq	chicken, rat	1.1087	1528	1.0003	-752	0.0503	-915
1	455 N	0.7526	Andrew	bird	1.4346	1110	-0.1688	685	-0.1094	14
0	0 N	1.3563	Fabrice	guinea pig	-0.603	1210	0.1037	1424	-1.3381	69
4	2157 N	-0.1156	Eriq	ferret	-0.9574	265	0.8034	-1141	1.1798	-731
1	258 N	0.2917	Andrew	ferret	1.3113	1991	-0.3598	351	0.8675	133
3	-539 N	-0.7004	Inan	dog	1.3778	-454	0.9185	-151	-0.0157	-806
4	1854 N	0.2063	Tony	rat, fish	-0.3723	-40	2.4616	-186	-0.0928	N/A
5	287 N	1.0901	Michael	rabbit	-0.4191	-757	1.4204	1738	1.0864	-2233
4	669 N	0.3688	Eriq	chicken, rat, cat	0.9225	1436	0.3098	439	1.6168	960
0	1123 N	0.0307	Reilly	guinea pig	1.2476	244	0.1592	1456	0.3936	214
3		-0.2003	Inan	dog	1.1083	717	1.5688	788	0.349	369
1	-505 N	1.7176	Andrew	ferret	-0.2636	845	1.6265	737	2.0078	-1225
3	-653 N	0.3549	INAN	n/a	1.5083	996	0.6281	1528	-0.0587	-477
5	-260 N	-0.3596	Reilly		-0.0543	-262	1.6524	322	0.0046	329
4	1489 N	1.6326	Tony	chicken, cat, rat	0.7262	-439	1.0785	546	0.659	1897
4	1020 N	0.7688	Eriq	cat, fish, chicken	-0.062	-679	0.0897	1392	2.1601	268
4	881 N	0.2713	Reilly	cat	0.424	1086	1.0357	-532	1.2711	-1826
2	-41 N	0.0669	Michael	hamster	-0.0937	1253	0.1942	8	0.9217	1705
5	1068 N	-0.0318	Reilly	rabbit	-0.1029	385	0.0402	-145	0.0912	-607
3	-1369 N	-0.3626	Inan	DOG	1.526	444	-0.6987	1785	-1.4212	1667
3	10 N	-0.6519	Inan	reptile	1.4792	936	-0.1908	694	-0.9917	348
1	-6 N	0.5296	Andrew	ferret	0.715	953	1.1866	1123	1.0541	23
4	-160 N	-0.4152	Fabrice	chicken	0.3208	896	0.5967	205	3.1178	465
0	981 N	0.8532	Vani	guinea pig	0.168	2142	0.1273	312	0.1161	-198
5	-474 N	0.7299	Reilly	rabbit	0.1237	853	1.0602	1188	0.4072	362
0	788 N	-0.1065	Vani	guinea pig	0.4728	504	-0.3682	-131	1.608	-1209
3	231 N	1.5786	Inan	dog	-0.1444	1617	-0.3912	1015	-0.495	699
5	261 N	-0.018	Reilly	pig	0.7801	1276	0.3395	441	0.5711	-1075
4	691 N	-0.1171	Tony	chicken, fish	0.9851	454	0.477	-1600	1.2304	1377
2	1195 N	-0.2452	Michael	hamster	0.8957	2695	-0.506	-817	0.2926	1240
4	741 N	1.1035	Eriq	rat	-0.2115	76	0.1848	-640	0.966	244
5	-197 N	0.7287	Sam	pig	-0.6534	-272	2.3787	723	-0.0305	213
5	2076 N	1.0811	Reilly	pig	1.0837	636	1.6097	657	0.0533	761
1	-214 N	0.9119	Andrew	ferret	0.2977	1541	-1.3828	1924	0.9475	1368
1	-49 N	1.6036	Andrew	ferret	0.5386	2298	-0.5655	465	0.5453	-699
0	336 N	0.2967	Chris	guinea pig	2.3475	1189	1.4144	108	-0.0345	-1028
1	119 N	0.5203	Andrew	rat	0.5726	2292	0.9317	143	0.5532	-988
3	-221 N	1.1872	Inan	reptile	0.3935	1590	0.0647	-149	-0.0096	386
1	253 N	1.4464	Andrew	ferret	-0.3263	142	0.6816	829	1.964	-502
3	631 N	0.5607	Inan	reptile	-0.8613	1002	0.8308	2551	1.6665	-508
3	864 N	-0.2876	Inan	dog	1.0743	859	0.9162	1347	0.2752	621
4	21 N	0.8791	Eriq	chicken, fish	0.1406	-256	1.3815	-819	1.5721	721
3	384 N	-0.5323	Inan	rat, cat, fish	1.4589	660	-0.27	1390	1.7719	-457
5	-1443 N	0.4976	Reilly	pig	1.5642	675	2.533	703	1.1252	289
0	-74 N	0.5363	Fabrice	guinea pig	-0.1041	-695	0.0956	684	-0.9413	188
5	-815 N	?	Reilly	rabbit	0.9974	1061	1.0048	-999	0.8248	-71
4	-1517 N	-0.1622	Tony	chicken, rat	0.1363	889	2.3763	498	-0.691	405
5	-688 N	1.5944	Reilly	pig	1.8896	2164	0.7786	1085	0.7628	-282
5	43 N	-0.4106	INAN	pig	0.7499	464	1.719	1080	0.8984	746
3	600 N	0.3693	Inan	dog	1.0522	172	1.1401	669	-0.045	669
1	658 N	-0.3862	Andrew	FERRET	1.2204	979	0.5908	1796	1.8309	552
4	1015 N	0.089	Eriq	rat, chicken, fish	-0.3944	-239	-0.6041	553	1.196	-859
0	38 N	-1.3191	FABRICE	guinea pig	0.966	334	1.2055	624	N/A	-488
5	n/a	1.4696	lISE	rabbit	0.9451	967	2.0224	-232	1.2541	1778
1	-1095 N	-0.2544	Andrew	bird	1.3459	1052	0.7052	-252	1.1388	-395
2	1341 N	2.1357	Michael	hamster	1.8626	-163	-0.0847	-575	1.6171	1066
1	1340 N	0.8925	Andrew	bird	0.6891	983	0.2436	791	1.5623	-1046
2	211 N	0.4131	Michael	hamster	0.3011	1732	-0.3036	571	0.1329	1587
4	1089 N	0.1891	Lise	cat, fish, chicken	-0.4488	1833	0.6485	-878	0.6539	847
1	16 N	0.7623	Andrew	pig	0.5436	190	1.1858	332	2.2017	-367
1	55 N	3.1203	Andrew	ferret	1.1928	918	-0.4991	158	0.7483	-13
1	58 N	1.0422	Andrew	bird	1.6501	0	1.2947	1383	-0.2815	-1179
1	-39 N	1.521	Andrew	ferret	0.4042	638	0.4555	-196	1.0706	205
0	1649 N	0.3604	Chris	guinea pig	1.276	338	1.9578	1439	0.7982	593
4	1921 N	1.2079	Lise	chicken	-0.3844	-587	0.2811	287	2.7294	1046
2	899 N	-0.0193	Sam	hamster	1.0825	-169	-1.4525	-938	-0.5996	384
2	-30 N	0.7483	Michael	hamster	0.9125	1302	1.1533	133	0.081	1765
0	1871 N	0.7851	Fabrice	guinea pig	0.5534	-173	0.2523	1345	1.338	191
5	-232 N	-0.4291	Reilly	pig	1.9426	130	1.2996	824	0.19	-529
1	-142 N	0.2546	Andrew	bird	0.8627	-103	0.3412	227	0.2392	-1486
3	785 N	-0.8167	iNAN	reptile	0.5594	1786	-0.088	138	-0.2858	-80
4	1739 N	0.2926	Eriq	dog	-0.3509	135	1.4124	81	0.9085	-911
5	736 N	0.4817	Reilly	rabbit	1.8988	480	1.7447	1059	2.2709	964
0	516 N	1.0715	Fabrice	guinea pig	1.1509	1757	0.492	1089	0.8931	-321
2	-1453 N	0.1286	Sam	hamster	0.1286	72	-0.013	-227	-0.053	361
3	535 N	0.1787	INAN	reptile	0.7333	704	1.7428	2030	1.7805	265
1	-184 N	0.7407	Andrew	FERRET	1.0589	1201	-0.9228	2124	1.348	1066
2	-162 N	-0.0346	Michael	hamster	2.0244	1281	-0.289	-1037	0.2056	449
2	494 N	1.214	Michael	hamster	0.0326	2231	0.6339	1258	1.4495	774
4	1899 N	1.3712	Lise	chicken	0.1415	-315	0.7501	-73	-0.1245	1214
3	-599 N	0.1581	Inan	dog	0.4242	1406	-0.2079	862	-0.4243	-868
3	355 N	-0.3912	Michael	dog	-0.0237	789	-0.7291	1282	-0.4309	1051
3	-285 N	0.0233	Inan	dog	1.0464	1164	-0.3319	1116	0.8864	317
2	948 N	-0.4095	Michael	hamster	0.7036	1357	0.4463	-979	0.493	520
4	1772 N	1.5246	Eriq	chicken, fish, cat	0.3558	662	0.082	-238	0.1228	1155
0	1615 N	0.4776	Lise	reptile	0.885	214	1.589	2011	0.7042	-623
0	729 N	0.1255	Chris	guinea pig	1.0785	1455	1.8198	891	-0.0746	-1171
4	?	-0.1726	Tony	rat, chicken	1.7144	104	1.2015	2260	-0.7133	1619
4	634 N	0.3289	Lise	rat, cat	0.5264	-5	1.5173	-764	0.1943	681
2	650 N	1.1714	Sam	pig	0.506	1600	0.2874	-439	1.3915	1966
1	616 N	0.5672	Andrew	ferret	1.2458	705	0.8426	1387	-0.8523	439
5	-1268 N	-0.1654	Reilly	rabbit	0.7249	1834	1.2087	1961	0.2942	490
4	718 N	-0.0127	Lise	Fish, Chicken, Cat	0.5886	-25	-0.0387	969	2.0143	1795
5	555 N	-0.3359	Reilly	rabbit	-0.35	1214	0.706	1197	-0.9736	863
5	-345 N	0.2646	Reilly	rabbit	-0.6658	916	0.0523	1828	1.0529	1183
2	967 N	0.6595	Sam	Hamster	1.1311	1373	-1.2554	-602	-1.5387	-1168
0	1990 N	1.0544	Chris	guinea pig	0.4423	2393	0.2708	1398	0.8286	1685
5	161 N	0.9811	Reilly	rabbit	1.6104	1012	1.1881		-0.6373	-605
4	857 N	0.8156	Lise	fish, chicken, rat	1.0825	347	0.9075	-1358	0.3988	1707
4	2016 N	0.0075	Lise	bird	-1.0307	-423	1.5171	-1681	-0.2862	-336
3	7 N	-0.6127	Inan	reptile	0.6114	812	-0.4242	-446	0.3961	165
0	1281 N		Chris	guinea pig	-0.2352	1850	0.3217	825	0.2075	-900
5	546 N	-0.4185	Reilly	rabbit	0.8527	1039	1.3287	1033	1.7004	-1788
2	937 N	0.2224	Fabrice	hamster	-0.1203	1072	0.0753	318	0.0481	1471
3	920 N	0.7148	Inan	reptile	0.33	1586	1.1225	1252	0.1547	586
1	417 N	0.7379	Eriq	ferret	0.7772	1082	0.4339	1250	0.5943	-68
4	1093 N	0.9159	Tony	chicken, rat	-0.4268	592	0.742	-388	1.8163	-263
3	63 N	-0.1446	Inan	dog	1.318	1549	0.3207	1239	-0.0083	-98
5	603 N	0.5566	Reilly	guinea pig	0.9597	2055	0.7373	165	1.0447	1225
3	-850 N	0.794	Inan	dog	1.607	1443	1.1063	883	-0.0993	-137
2	625 N	-0.5198	Sam	hamster	1.3464	723	-0.1852	373	None	336
1	-81 N	-0.5266	Andrew	N/A	0.15	1988	-1.1493	-688	1.2471	1037
2	992 N	0.5374	Michael	hamster	-0.9127	939	-0.8715	428	0.6645	799
2	1297 N	0.6963	Reilly	hamster	-0.113	1368	-0.5853	-689	0.0239	910
5	712 N	0.5019	Reilly	pig	0.0063	2326	0.5862	1145	0.9484	-160
3	477 N	0.6886	Inan	dog	0.4987	347	0.1303	440	-0.172	8
5	-448 N	0.4372	Reilly	rabbit	0.8434	789	1.3208	141	0.3679	809
4	1126 N	0.1494	Eriq	bird	-0.3515	73	-0.0683	1332	0.147	965
4	1084 N	0.5062	Lise	chicken	-1.443	-383	1.247	-128	None	1369
5	809 N	0.9485	Reilly	rabbit	-0.1572	1076	1.0794	1161	1.9888	-160
0	548 N	0.2248	Fabrice	guinea pig	-0.8592	1925	0.0626	487	1.489	836
0	122 N	0.5847	Vani	fish, rat, chicken	0.4446	940	0.8368	445	-0.5147	157
1	25 N	0.0563	Andrew	bird	0.5558	115	0.1031		0.5424	-482
5	-938 N	1.0651	Reilly	rabbit	-0.5051	937	2.1377	?	0.3349	832
4	808 N	0.8372	Lise	chicken, fish	0.0401	-191	1.6389	-1221	0.58	-376
2	650 N	1.6328	Sam	hamster	0.7266	111	-0.9935	1205	-0.3347	486
5	-204 N	0.5645	Reilly	hamster	1.3975	1664	0.5348	1185	0.7357	271
2	-432 N	0.3837	sAM	hamster	0.3983	1095	-0.0647	NULL	1.6292	466
0	1268 N	0.978	Vani	Guinea Pig	-0.0291	688	0.4124	1001	0.0322	-656
2	61 N	0.6222	Michael	hamster	1.9469	2681	0.532	-374	-0.3007	1389
0	1130 N	0.9751	Chris	guinea pig	-1.2561	-82	-0.403	1644	0.4509	153
5	33 N	0.7781	Reilly	rabbit	0.1083	457	0.4659	717	-0.7545	67
4	986 N	0.251	Tony	guinea pig	0.0529	1108	0.0217	388	1.0896	741
1	-108 N	1.0192	Andrew	bird	0.8701	196	0.6135	475	0.2462	878
2		-0.8988	Sam	hamster	-0.1548	1484	0.6782	634	None	728
3	-464 N	0.0643	Reilly	dog	1.2104	862	0.0044	-3	-0.7139	-1303
5	1162 N	-0.0177	Reilly	rabbit	-0.3468	437	0.5378	1820	1.867	1661
5	-615 N	0.0721	Chris	rabbit	0.7357	1606	0.6566	-287	-0.4175	571
1	-161 N	-0.2984	Andrew	dog	0.1235	50	1.0142	1695	0.698	924
0	2043 N	-0.0924	Chris	hamster	0.1106	1148	-0.6918	-682	-0.6471	339
2	-418 N	0.3389	Michael	hamster	0.5665	490	-0.5322	880	-0.1113	1081
4	1190 N	0.9869	lISE	chicken	0.4907	780	1.3832	-922	0.9592	-142
5	1151 N	0.2146	Fabrice	pig	-0.5189	1258	0.5934	551	0.957	-698
3	-121 N	0.0852	Inan	dog	0.8097	-413	0.1806	1362	0.7139	-1196
1	395 N	0.509	Lise	ferret	-0.0826	1275	0.0176	249	1.5868	135
5	-708 N	0.4252	Reilly	hamster	-1.1619	1150	1.6168	None	0.2778	705
3	645 N	0.4108	Inan	reptile	1.1052	-501	-0.4524	1699	-1.442	1559
1	-650 N	0.7269	Andrew	bird	2.1051	1087	0.7364	1050	0.3057	394
3	687 N	1.0444	Inan	bird	-0.1486	599	0.2185	-75	0.5274	-335
3	-136 N	0.9026	Inan	reptile	0.7472	1893	0.0476	876	0.0285	149
1	-314 N	0.1996	Andrew	bird	0.8168	573	0.9779	599	1.1528	-700
1	-395 N	-0.5244	Andrew	bird	-0.5862	n/a	-0.0496	593	1.0365	19
1	-661 N	-0.2655	Eriq	bird	0.4107	1487	0.3859	1797	1.9242	-61
5	849 N	-1.5014	Reilly	pig	0.7854	1172	1.3923	2184	1.8191	-3
0	469 N	0.6274	Vani	guinea pig	1.0215	1776	0.8418	1298	0.3687	1118
1	-391 N	0.6161	Andrew	bird	0.9516	851	1.255	295	0.9968	686
1	-1117 N	0.1036	Andrew	bird	-0.7679	1691	-0.2674	617	1.0196	-1728
4	-103 N	-0.0385	Tony	fish, cat, rat	-0.629	-262	-0.1124	-550	1.7262	1013
3	-398 N	-1.2151	Reilly	reptile	1.0882	496	-0.302	770	-0.942	966
2	786 N	-0.1067	Michael	hamster	0.4436	1568	0.5078	-233	0.5139	-971
1	217 N	0.5231	Andrew	ferret	0.7517	371	0.7403	1210	1.6481	-491
5	534 N	-0.4807	Inan	pig	0.282	963	1.3062	453	-0.1216	-1324
1	30 N	0.6692	Andrew	ferret	0.2813	806	1.9742	308	1.7033	1701
5	-1013 N	1.444	Reilly	rabbit	0.6416	370	0.6955	673	1.3079	106
2	1037 N	-0.2208	Sam	hamster	-0.3166	794	0.5973	81	-0.3159	-134
0	1173 N	0.4083	Chris	guinea pig	1.273	357	0.5904	91	0.6095	-362
2	2203 N	0.5942	Michael	DOG	0.2212	-87	0.897	261	-0.3994	1345
5	-26 N	0.5046	reilly	pig	2.0372	697	0.6785	1087	0.2405	355
0	1016 N	0.5045	chris	GUINEA PIG	1.3385	602	-0.6434	1419	-0.1876	2240
2	2172 N	0.8494	Chris	hamster	-0.3373	404	1.2172	1014	-0.0973	572
1	210 N	0.6454	Andrew	bird	1.5334	None	0.9265	503	-0.1268	-52
2	758 N	2.237	Michael	hamster	-0.3739	1088	-0.0106	-793	1.0797	897
0	1034 N	0.1388	Fabrice	guinea pig	0.266	1153	2.1608	1377	-0.607	-268
4	1891 N	1.8416	Tony	chicken, fish, cat	0.7576	-390	0.1235	-535	0.0519	1852
2	903 N		Sam	hamster	3.5013	1674	-0.5526	-571	1.0788	-626
4	1181 N	0.9964	Tony	cat, chicken, rat	1.5904	290	0.4152	-1246	1.3929	1075
2	-66 N	0.8182	Sam	hamster	0.8486	1870	-0.1342	-199	-0.9577	-661
3	-799 N	0.3473	Inan	reptile	0.3644	1274	-0.4744	-484	0.2805	-171
2	1663 N	0.7127	Michael	hamster	1.6411	267	1.5696	-834	0.2283	-328
1	-743 N	1.7247	eRIQ	ferret	0.8178	-61	-0.2301	-24	-0.1419	260
2	1230 N	1.1158	Michael	bird	2.2119	784	0.6625	-329	-0.4248	1174
2	-532 N	-0.987	Michael	hamster	1.2807	989	1.1909	197	-0.9242	924
4	860 N	0.9456	Tony	chicken	1.482	344	0.3446	-108	0.5719	932
2	1356 N	1.7707	Sam	hamster	1.228	-801	0.1224	-197	2.7683	-504
2	-464 N	0.8057	Michael	hamster	0.7189	1255	-0.137	-150	0.848	-19
0	1039 N	1.1824	Vani	guinea pig	0.0295	1177	-0.9769	-295	-0.4702	458
5	218 N	n/a	Reilly	rabbit	0.2665	587	0.9739	616	1.4618	-1507
5	-491 N	-0.5741	Reilly	pig	-0.7444	1777	0.4241	914	0.7838	443
3	840 N	0.3077	Inan	dog	0.5617	-791	1.117	-519	0.171	-1350
2	357 N	0.3976	Sam	Hamster	-0.1269	-159	-0.0466	163	-0.2286	216
5	402 N	1.0994	Vani	rabbit	1.0422	633	0.4958	1059	1.5369	-149
1	432 N	0.9228	Andrew	bird	0.6252	1320	-0.729	728	1.2874	2020
2	104 N	-0.7915	Sam	hamster	-0.2524	576	1.2389	642	0.3151	447
0	806 N	0.4811	Fabrice	guinea pig	1.0964	783	1.1843	-173	1.1026	-117
4	499 N	-0.1801	Tony	rat, chicken	0.754	53	0.2832	520	0.9037	1360
3	-206 N	-0.1038	Inan	reptile	-0.0935	362	0.1136	-308	-0.0835	269
5	396 N	NULL	Reilly	guinea pig	0.1837	746	0.6301	231	-0.2369	-789
5	764 N	None	Reilly	rabbit	-0.4239	968	-0.5483	75	1.536	-130
3	-624 N	-0.0818	NULL	reptile	1.9204	-326	1.8354	1200	0.7502	-746
1	1 N	1.2183	Andrew	bird	1.0086	1021	0.7544	-127	0.6432	-1099
4	595 N	0.9347	Lise	hamster	-0.1962	765	0.514	784	0.0502	0
4	1201 N	-0.3385	Lise	cat, fish, rat	-0.1736	-747	0.4843	-188	2.6541	-543
3	-223 N	0.1968	Sam	reptile	-1.1767	2269	0.3802	834	1.2824	-1218
2	1059 N	-0.0987	Sam	hamster	0.6506	-11	0.1518	573	-0.9288	1787
1	-876 N	0.8948	Andrew	bird	0.2667	-852	-0.8899	1395	0.9898	-123
5	-1008 N	-0.0621	Reilly	pig	1.2333	1697	-0.328	1653	1.6473	-74
0	1720 N	-0.7375	Chris	guinea pig	1.3813	-35	0.4533	1899	0.2621	144
1	337 N	0.9019	Andrew	cat, fish, chicken	1.3298	1272	-0.378	-309	-0.1686	-542
5	-31 N	1.2315	rEILLY	pig	0.9723	814	1.5662	1656	-0.2278	-116
4	2048 N	1.1473	Reilly	fish, chicken	0.1469	42	-0.2607	-541	0.575	309
0	2203 N	1.2624	Fabrice	guinea pig	-0.1299	464	-0.2426	1165	0.1716	368
2	N/A	1.1219	Andrew	hamster	1.2077	-907	-0.3377	161	0.4846	2009
4	1205 N	0.2684	Lise	CAT, CHICKEN, RAT	0.2094	1486	0.4862	-675	-0.832	-339
2	2220 N	0.1756	Andrew	hamster	2.6885	866	-0.2815	-398	0.6343	725
2	1745 N	NULL	Sam	hamster	0.5451	1310	0.7403	422	-0.0393	-345
5	-986 N	-0.423	Reilly	pig	-0.5685	906	1.1733	339	0.6407	-100
5	139 N	-1.2236	Reilly	pig	0.6038	1399	0.1431	1652	-0.8542	-509
0	1468 N	0.194	fabrice	guinea pig	-0.6078	1669	0.3506	1154	0.0054	-1021
4	918 N	1.2207	Tony	chicken, fish, cat	-0.452	1594	0.3379	145	1.4041	-644
2	-1002 N	0.3744	Inan	hamster	0.4236	1474	0.5058	1990	0.9988	1968
3	-390 N	-0.4752	Inan	dog	1.7241	606	1.4658	753	-0.0096	-46
4	84 N	0.6706	Eriq	rat, chicken, cat	-0.5157	1226	1.8314	-598	0.5258	868
3	127 N	0.2704	Inan	reptile	-1.2868	1522	1.4311	278	0.2821	-63
3	947 N	-0.8875	Inan	dog	0.6603	1236	0.1644	138	-0.4306	713
5	242 N	1.5614	Reilly	rabbit	-0.9905	-976	0.9828	514	0.947	-2210
2	1231 N	-0.0017	Sam	hamster	1.107	1081	0.3893	-857	0.7678	1088
2	502 N	1.3521	Michael	hamster	0.5253	232	0.6953	-742	0.1428	593
0	1869 N	1.3096	Fabrice	guinea pig	0.1672	-461	0.5555	-44	1.3153	1219
0	-224 N	0.1758	Chris	guinea pig	0.1511	-328	0.0392	1611	1.2441	876
0	657 N	0.4732	Vani	dog	1.3243	59	-0.1421	954	-0.8999	-676
5	384 N	0.0145	Reilly	pig	1.1744	1549	1.6644	971	0.2456	1102
3	517 N	-1.2806	Inan	reptile	-0.0283	2128	-0.0401	-8	0.0902	15
3	625 N	1.1604	Inan	reptile	1.9416	592	-1.1264	277	1.1937	-196
5	-1478 N	0.2597	Reilly	rabbit	1.337	1300	1.1317	1484	0.0808	-764
5	-1226 N	-0.4205	Reilly	rabbit	0.3359	819	-0.1245	451	-0.8776	-321
3	-1160 N	-0.1784	Inan	dog	0.8456	-137	-0.6032	-247	-0.093	625
0	1493 N	-0.489	Vani	Guinea Pig	-0.1143	1769	0.8914	737	0.4425	-259
1	359 N	0.4267	Andrew	ferret	0.0179	1694	0.7737	1709	1.514	-859
1	-960 N	0.4709	andrew	ferret	-0.0884	856	-1.0611	519	1.0795	1591
2	732 N	0.7563	Sam	hamster	-0.4194	-82	0.8926	868	-0.7445	-326
4	-148 N	0.9373	Inan	fish, chicken, rat	1.6602	1966	0.6761	-887	-0.2234	89
0	761 N	0.0167	Vani	guinea pig	1.4127	179	-1.2235	-622	0.2061	-716
5	-732 N	-0.4302	Reilly	n/a	-0.0738	39	-0.627	783	-0.2679	671
5	-87 N	0.3642	inan	rabbit	0.9609	1625	0.2291	696	0.5904	-2161
0	1867 N	0.0628	Fabrice	guinea pig	1.1191	1237	-0.2207	894	0.472	-762
4	811 N	-0.2432	Tony	fish, chicken, rat	-0.522	273	1.778	493	1.22	-23
2	899 N	NULL	mICHAEL	hamster	0.3281	1015	0.9563	757	1.8232	95
2	-275 N	0.3221	Michael	hamster	1.2709	1102	0.6864	306	0.2558	2121
1	-337 N	0.7333	Andrew	bird	-0.2812	1674	-0.288	1518	0.9571	-16
0	796 N	1.3419	Andrew	guinea pig	1.7397	1775	-1.472	636	0.0487	-1175
0	1442 N	0.6609	Vani	dog	0.3059	759	1.0349	1151	-0.1577	-32
3	-87 N	0.3475	Inan	reptile	-1.3103	-565	0.459	1069	0.2116	-200
2	1438 N	0.3836	Michael	hamster	1.8391	-345	0.8106	-845	0.1332	-60
4	808 N	0.0622	Lise	fish	0.2845	-624	0.4164	547	0.9616	515
2	376 N	-0.2216	sam	hamster	0.3034	1175	-0.746	289	1.0851	2122
4	861 N	0.3458	Lise	cat, rat, fish	2.7979	324	2.0791	-246	0.9576	979
1	-807 N	0.5938	Andrew	ferret	2.2471	520	-0.0515	698	0.1237	-129
5	194 N	-1.1998	Reilly	pig	0.3923	1519	0.2996	959	1.0423	243
3	-117 N	-0.1495	Inan	ferret	-0.69	-219	-1.323	1019	0.1028	1101
3	1448 N	0.002	Inan	dog	0.7279	190	1.4848	769	0.944	373
0	676 N	0.6388	Chris	ferret	-0.0384	457	0.528	1141	-0.1512	419
4	193 N	0.4906	Lise	Chicken, Rat, Fish	1.9267	89	2.2007	-497	2.0126	-709
0	750 N	1.2925	Vani	guinea pig	-0.2958	950	0.8487	1009	0.0027	-271
5	251 N	1.4674	Reilly	rabbit	-0.0772	317	1.471	1070	2.8582	1218
2	130 N	-0.1773	Michael	hamster	0.8243	1850	0.4264	691	2.0026	-1007
1	-989 N	-0.6686	Andrew	ferret	1.0041	1350	2.1077	?	0.4636	-256
5	-16 N	-1.4149	Reilly	pig	-0.1053	378	1.5154	280	1.2383	408
4	-63 N	2.2728	Tony	chicken, cat, rat	0.03	488	1.5822	-281	0.4309	-183
5	847 N	-0.3531	rEILLY	rabbit	1.6267	1689	1.5727	994	0.674	1170
3	464 N	0.3528	Inan	pig	0.0443	1238	-0.564	434	2.3943	-126
4	655 N	0.4424	Lise	chicken	0.8123	6	1.7322	444	0.1633	14
4	402 N	-0.4471	Eriq	chicken, fish, cat	0.6013	-621	0.9137	-597	1.0538	792
2	2027 N	-0.9663	Sam	hamster	2.1633	1165	0.8538	-79	0.1478	-70
2	925 N	-0.5598	Michael	hamster	0.6207	-147	-0.2545	107	-0.5109	1263
0	1732 N	0.3714	Fabrice	guinea pig	0.1654	416	-0.3129	886	-1.2796	109
5	947 N	0.2961	Reilly	pig	0.8594	1161	0.8891	377	-0.2434	-779
0	1226 N	-0.3922	Vani	guinea pig	0.3208	49	1.0061	659	1.7298	-745
0	1695 N	0.3914	Fabrice	guinea pig	0.9596	518		24	-0.0129	-571
4	668 N	0.1651	Lise	cat, fish, chicken	1.6958	652	1.3379	135	0.9666	1460
5	102 N	0.5179	Reilly	rabbit	1.4044	874	0.4283	1576	1.162	708
4	649 N	-0.0986	Lise	fish	2.2425	657	0.4023	-308	-0.0237	996
1	-150 N	0.9999	Andrew	bird	1.2017	1462	-1.3771	-820	0.755	-2007
4	1417 N	0.3725	REILLY	cat	-0.7116	226	1.0958	9	1.2967	-601
0	1819 N	1.4993	Vani	guinea pig	0.9493	861	-0.5752	898	-0.5445	36
2	-91 N	0.0867	Michael	hamster	1.0902	1393	-1.3033	286	0.0331	632
2	944 N	-0.0368	Sam	hamster	0.6642	1127	-0.1686	-22	-0.5685	1442
4	86 N	-0.3683	Lise	rat, chicken, fish	0.4413	-296	1.3095	-967	0.0555	-20
1	-48 N	-0.6556	Andrew	ferret	-0.3916	302	-0.1613	1742	0.544	-277
0	-170 N	1.6457	Vani	guinea pig	1.309	690	0.0797	707	-0.0047	-1116
2	986 N	-1.7986	Sam	hamster	1.2246	1030	1.22	273	-0.961	788
4	374 N	0.3032	tONY	cat	1.4926	493	0.6191	985	1.2335	-131
0	893 N	0.261	Fabrice	guinea pig	1.1637	779	-1.1534	-96	-0.9817	606
1	-602 N	1.7569	Andrew	ferret	0.1568	-108	0.2842	1416	0.6093	-767
0	1896 N	0.0884	Chris	guinea pig	0.4127	1537	0.3173	520	0.1274	-381
5	-444 N	1.5732	Reilly	rabbit	1.6266	718	1.2742	1054	0.827	11
3	-41 N	0.799	Inan	reptile	0.8805	1267	1.1959	1169	-0.1904	280
5	219 N	0.0003	Reilly	pig	0.6738	1090	1.1283	322	0.4191	383
5	1402 N	-0.074	REILLY	rabbit	0.2728	1716	0.3209	329	0.3236	1537
1	-805 N	0.3781	Andrew	ferret	1.3834	1494	0.9869	-142	1.4271	-1428
4	487 N	1.6792	Tony	rat, cat, chicken	0.124	823	0.2229	386	1.4683	159
4	1371 N	2.202	Tony	rat, chicken, cat	0.6851	534	-0.0983	-1226	1.5585	-364
2	1465 N	-0.082	Michael	hamster	0.8827	555	0.2854	-680	0.7709	280
2	1503 N	0.2607	Michael	hamster	0.6558	1460	2.6281	-351	-0.1169	2481
0	892 N	0.3152	Fabrice	guinea pig	0.3865	1156	0.9088	818	1.1007	362
3	-338 N	0.9382	Inan	dog	0.7102	1702	0.4614	1940	-0.8168	-666
4	348 N	1.4912	Inan	reptile	1.6572	33	1.4205	-435	1.54	506
2	2089 N	0.2404	Michael	hamster	-0.0843	1039	0.3137	-313	0.4141	434
3	1895 N	0.4245	Inan	dog	0.6043	1720	0.6544	165	0.0342	-922
0	743 N	0.5508	Fabrice	guinea pig	-0.1187	450	-0.635	1945	0.7092	1690
3	-972 N	0.9858	Inan	dog	1.1236	788	-0.4137	518	0.7083	-926
5	-862 N	1.3991	Reilly	pig	0.8768	977	1.4633	58	1.1128	72
4	1077 N	0.0356	Lise	rat, cat	-0.9738	34	0.8786	172	0.3845	412
0	204 N	-0.1323	Inan	ferret	1.0227	1168	1.0883	-262	0.0397	1340
4	-299 N	-0.0506	Tony	guinea pig	0.5159	-329	0.8219	-283	0.7711	240
2	981 N	0.7387	NULL	hamster	1.4908	407	0.3367	-286	0.7677	867
2	843 N	0.8504	Michael	hamster	1.2921	753	0.4168	-717	0.9546	6
3	-1302 N	0.2288	inan	reptile	0.2443	-747	n/a	412	-0.4654	-792
1	474 N	0.7603	Andrew	None	0.8599	302	-1.1201	1219	2.5719	2172
0	2541 N	0.135	Chris	guinea pig	n/a	1451	0.0876	1276	1.0144	1270
4	-125 N	0.6605	Lise	cat	0.4081	518	-0.8219	-378	0.0397	-420
3	-1040 N	-0.3958	Inan	reptile	-0.147	850	-0.4267	963	0.4953	-2886
4	845 N	1.1374	Eriq	bird	0.4858	431	1.0838	1100	0.5594	524
3	184 N	0.0649	Inan	dog	-0.1599	1558	1.2253	433	0.7405	221
0	1450 N	0.0895	Reilly	guinea pig	0.1602	-123	0.1357	991	1.3357	-904
4	726 N	1.324	Lise	rat	0.9403	118	0.1835	42	0.7613	947
4	311 N	0.6846	Lise	chicken, fish, rat	-0.3775	-851	0.6631	240	0.9431	1644
0	1872 N	0.9366	Fabrice	guinea pig	1.7218	1135	1.0106	1579	0.7308	-189
0	1437 N	1.2751	cHRIS	guinea pig	0.1979	331	0.4445	115	0.4254	-160
3	-14 N	-0.8656	Chris	reptile	1.2571	2137	-0.8701	1343	0.9217	-890
2	984 N	1.0705	Sam	hamster	0.0681	524	0.3228	242	0.9254	-250
0	-11 N	0.0717	Chris	guinea pig	0.8006	2118	0.249	686	0.7745	641
3	111 N	0.2853	Inan	reptile	-0.5254	369	-0.8293	1131	0.5633	-330
4	1681 N	-0.5964	Lise	chicken, cat, fish	-0.6809	119	1.2505	-688	1.1251	1432
5	-86 N	1.7834	Reilly	pig	1.4349	-314	-0.5249	753	1.5125	-494
5	188 N	1.0674	Reilly	pig	-0.7467	191	-0.7286	672	1.0971	929
1	-895 N	1.1536	Andrew	ferret	0.7312	2000	-0.1464	1280	-0.2294	1104
5	-1882 N	0.2821	Inan	pig	1.0755	204	1.4509	-888	1.6511	-324
5	364 N	0.1885	Reilly	rabbit	1.9958	992	-1.1284	1772	1.215	
1	70 N	0.7563	Andrew	bird	1.675	312	-0.2932	71	1.4878	-82
2	1342 N	0.8328	Michael	hamster	0.2995	808	0.752	-211	-0.9652	948
4	880 N	0.9407	Lise	cat	1.2991	-987	0.6216	595	2.3235	908
0	-435 N	0.3892	Chris	guinea pig	-0.0015	1302	0.5186	1543	-0.2287	1280
5	-286 N	0.3391	Reilly	pig	0.247	343	0.1837	819	0.7219	542
1	-637 N	0.5347	Andrew	bird	0.4121	1091	-0.4346	942	1.3735	-721
2	1000 N	1.1248	Sam	hamster	0.9327	2162	NULL	-1250	0.6423	-282
0	1173 N	1.4496	Vani	guinea pig	1.126	1833	0.3685	25	-0.1885	172
1	-228 N	0.8484	Andrew	bird	0.6344	1716	-0.2099	2005	0.1715	123
5	463 N	0.0808	Reilly	pig	-0.1336	185	1.3248	1010	0.6033	381
4	1579 N	None	Lise	rat, fish	0.4461	1068	1.8901	-372	-0.4719	466
2	1698 N	0.6398	Sam	hamster	1.2814	381	-0.0257	1177	0.4256	569
3	-701 N	-0.6867	Inan	ferret	1.5835	1417	0.6885	178	-0.2309	725
5	1074 N	-0.5248	Andrew	rabbit	0.1959	502	1.3426	760	1.1195	491
1	520 N	0.249	Andrew	ferret	0.9326	1274	0.0957	799	2.1806	-1011
4	-237 N	0.1604	Eriq	chicken	0.9544	721	1.1708	-514	1.1276	421
2	1333 N	0.7329	Michael	hamster	0.0583	1054	-0.321	1225	0.4004	1298
2	-632 N	1.005	Sam	hamster	1.3777	914	0.7549	241	-1.2831	414
3	122 N	0.3213	Inan	reptile	0.8563	798	0.4796	625	-0.9281	-416
0	309 N	0.5171	Fabrice	hamster	0.037	72	1.507	798	-1.0311	-75
3	52 N	0.2075	Inan	reptile	0.4414	1172	-0.2723	818	1.5295	428
4	-151 N	1.6365	Lise	rat, chicken	1.0738	-1016	0.048	940	1.072	-286
3	479 N	0.4303	Inan	dog	0.5368	862	1.7302	1472	-0.1701	-450
2	1027 N	0.6141	Michael	hamster	0.408	1946	-0.8611	454	1.0808	1146
3	-52 N	0.0901	Inan	dog	-0.6345	1303	0.424	88	-0.9299	333
3	-363 N	0.7594	Inan	dog	0.2718	1305	0.5754	1955	-0.0954	703
2	1120 N	-0.1175	Sam	HAMSTER	0.4006	-28	-0.5539	1647	-0.0725	913
2	-38 N	0.2754	Sam	hamster	2.3175	1433	-0.1305	730	-0.2343	812
1	172 N	1.118	Michael	bird	2.9203	1193	1.3431	980	2.0017	-385
1	-314 N	0.7202	Andrew	bird	0.0046	1458	0.3993	193	1.3865	763
0	480 N	1.0368	Vani	guinea pig	0.8729	163	0.4993	1547	-0.3084	-1175
2	1506 N	1.0052	Michael	hamster	0.7998	160	0.4344	636	1.2012	1483
4	1372 N	1.0735		fish	-1.1948	-2109	1.8269	303	0.4258	1408
4	892 N	1.3938	Tony	rat	0.8775	635	-0.6175	-1780	0.0701	747
0	245 N	0.167	Chris	reptile	0.6551	-189	-0.8836	1037	-0.9001	N/A
1	-2489 N	1.2222	Andrew	ferret	1.5311	1153	-0.4477	369	0.5453	300
5	527 N	1.5854	Reilly	pig	0.3387	544	2.5401	716	0.9376	-394
4	1005 N	1.1041	Tony	chicken, cat	1.2909	290	1.641	239	0.7591	-98
5	1234 N	-0.3874	Reilly	chicken, cat	-0.2614	153	0.0011	-40	-0.3436	-263
3	620 N	0.6571	Inan	reptile	0.0882	1611	0.9753	142	0.4045	168
5	-216 N	0.2587	Reilly	pig	1.3515	1239	-0.0528	1013	0.9774	176
4	780 N	0.6744	Eriq	fish, cat, chicken	0.3282	-488	-0.5353	124	1.4869	78
3	-417 N	1.3353	Inan	reptile	1.1115	706	-0.0712	223	-0.4564	32
5	-267 N	-0.1072	Reilly	rabbit		-11	1.9389	-965	1.955	-52
1	-364 N	0.4998	Andrew	BIRD	0.735	963	0.4121	65	-0.1703	518
1	1215 N	1.4425	ANDREW	bird	-0.4261	1870	0.1812	994	0.9404	385
1	751 N	-0.6706	Andrew	FERRET	0.3515	-122	0.1621	227	0.8631	1344
1	-699 N	1.2809	Andrew	bird	-0.4054	704	1.1338	425	0.7755	-476
1	-474 N	-0.6173	aNDREW	ferret	1.2856	689	-0.6981	644	0.6115	739
4	68 N	0.9229	Reilly	rat	0.8501	2203	0.7131	-760	0.4276	1211
0	177 N	-0.0324	Chris	guinea pig	0.6307	1289	0.5161	-17	0.4153	1720
3	-131 N	0.1895	Inan	dog	0.4854	-570	-0.128	749	-1.124	-1364
2	0 N	-0.025	Michael	hamster	0.2058	508	0.7074	None	0.5563	217
4	20 N	-0.0606	Eriq	cat, chicken	0.9858	373	1.3527	-526	0.0839	1874
2	761 N	0.2517	Sam	hamster	0.464	702	1.5207	635	-0.1794	85
0	530 N	-0.0787	Fabrice	guinea pig	2.6943	1168	-1.8831	781	0.2004	1010
1	381 N	2.0981	Andrew	bird	1.1006	506	1.9221	1195	0.7217	1356
2	214 N	0.6245	Sam	hamster	0.3611	-797	1.2578	31	0.4888	1407
2	1274 N	1.4565	Michael	hamster	1.7849	2924	0.9452	1025	1.6032	363
5	-413 N	0.7914	Reilly	pig	0.5816	1902	2.6523	2094	1.7087	486
5	-29 N	0.0484	Reilly	rabbit	0.4303	737	0.0463	1732	0.0494	1863
4	632 N	0.5726	Reilly	rat, cat, chicken	-0.2773	-1626	-0.8767	236	0.9827	1663
2	1040 N	0.8676	MICHAEL	hamster	0.8869	1527	1.3775	333	-0.0646	1643
5	-174 N	-0.2007	Reilly	PIG	0.7471	1677	-0.6743	623	2.2638	338
1	795 N	0.444	Andrew	bird	1.4358	550	-0.8171	1458	-0.4023	977
2	538 N	0.1385	Michael	hamster	0.0558	173	0.2113	-366	n/a	-139
0	1414 N	0.2801	Chris	guinea pig	2.8187	1144	0.9527	891	0.4668	3
5	-419 N	0.8814	Reilly	rabbit	-0.9123	1047	0.8005	1117	1.3629	89
2	1141 N	-0.7382	Michael	hamster	1.576	521	0.2928	240	0.412	1976
3	170 N	0.0025	Inan	dog	0.8523	724	-0.9186	461	N/A	403
2	544 N	0.436	Michael	hamster	1.2046	1071	-1.2427	536	0.2286	329
1	-101 N	1.8459	Andrew	ferret	2.0122	938	-0.7819	113	1.0773	327
2	1165 N	0.2331	Michael	hamster	1.6982	2203	-0.7612	462	-0.3444	1235
1	-1216 N	0.2124	Andrew	bird	0.9139	556	0.0179	-121	2.2765	211
4	769 N	-0.6221	Lise	CHICKEN	0.1705	-640	1.2474	102	0.7501	1179
0	656 N	0.6108	Chris	guinea pig	1.499	1034	0.3866	1689	0.7244	1029
3	-1208 N	1.1605	Inan	dog	-0.2301	1149	-1.6697	272	1.959	46
1	913 N	-0.2991	Andrew	ferret	0.8116	-638	-0.6241	861	-0.5626	-182
4	1240 N	-0.0164	Lise	rat, fish	1.1563	-218	-0.3242	-287	1.5485	713
0	449 N	0.0426	Vani	guinea pig	1.2949	650	1.4867	409	0.5566	113
2	15 N	0.7051	Sam	hamster	1.5733	1719	1.364	-98	-1.3851	1214
1	1890 N	1.3568	Andrew	ferret	2.4584	1834	0.3365	1512	0.8257	-619
3	-50 N	0.1635	Inan	guinea pig	0.7481	1398	1.0954	-296	2.0339	-15
0	1940 N	0.9986	Vani	?	1.2407	1196	0.7807	693	-0.773	-301
1	342 N	0.6512	Inan	guinea pig	0.638	1296	-0.0355	273	0.0514	-233
2	632 N	-0.5052	Michael	hamster	1.2279	308	0.363	-68	0.5522	-282
2	960 N	0.142	Sam	hamster	0.5497	251	-0.4205	-1643	0.0619	557
1	803 N	1.9649	Andrew	bird	1.9925	785	-0.1714	447	0.9062	338
5	1688 N	1.6772	Inan	guinea pig	0.8008	748	0.4575	590	1.0145	-34
4	984 N	0.8658	Tony	rat, fish	-0.0788	-360	1.5893	285	0.9456	1077
3	1583 N	1.1321	iNAN	dog	0.9672	N/A	0.9412	1903	0.1296	870
3	-744 N	0.3248	iNAN	dog	-0.4106	1132	-2.2256	442	-0.0981	707
